0:10
1:15
2:5,5,16,17
3:15
4:1,5,6,6,15,15,15,16,17
5:17,17,17,17
6:0,3,15,15,15,18,18,18
7:15
8:9
9:17
10:0
11:6,6,10,16,17,17
12:16,16
13:6,16,17
14:1,1,1,1,6,11,11,11
15:9,9
16:15,15
17:17,17
18:0,0,9
19:1,1,1,15
20:5,13,16,16,16,16
21:6,6,6,6,6,7,10,10,10,12,12,14,14,16,16,16,17,17,17
22:0
23:0,8,9,9
24:0,0,9
25:0,0,0,0,7,9,12,18
26:0,0,0,0,9
27:0,0,0,6,8,8,8,8,9,9,9,9,9,9,9
28:6,16,16,16,16,17
29:10,11,14,14
30:4,5,6,7,8,10,13,16,16,16,16,16,16,17,17
31:6,16
32:1,10
33:9
34:9,9
35:1
36:15
37:0,0
38:1,1,3,3,3,3,3,15,15,15,15,15,15,15
39:6,6,16,17
40:15
41:9
42:6,6
43:0,0,9
44:7,7,10,10,10,10,10,10
45:17
46:6,17
47:4,4,6,6,9,16
48:6,16
49:10,17
50:1,1
51:9,9
52:0,0,15,15
53:15
54:0,0,0,0,0,0,0,0,0,0,9,9,9,9,9,9,9
55:9
56:1,15,15
57:10,10,10
58:15,16
59:0,9,9,9
60:6,16
61:7,11,11
62:10
63:9,15
64:15
65:10
66:4,8,8,8,8,8,9,9,9,9
67:9,9
68:1,7,7,7,7,7,7,7,7,10,15,15,18,18
69:7,10,11,12,14,14,14,17
70:0,9
71:1,15
72:1,1,1,1,1,1,1,1,1,1,1,6,6,6,6,6,6,6,6,6,6,6,6,6,6,6,6,6,6,6,6,6,7,10,15,15,15,15,15,15,15,15,15,15,15,15,15,15,15,15,15,15,16,16,16,16,16,16,16,16,16,16,16,17,17,17,17,17,17,17,17,17,18,18
73:1,5,17
74:16,16,17,17,17
75:1,7
76:1,1,5,17
77:15
78:17
79:5,5,6,6,6,6,6,6,6,6,6,6,6,6,6,6,6,6,6,6,6,6,6,6,6,6,6,6,10,13,13,13,13,13,13,13,13,15,16,16,16,16,16,16,16,16,16,16,16,16,16,16,16,16,16,16,16,16,16,16,16,16,16,16,16,16,16,16,16,16,16,17,17,17,17,17,17,17,17,17,17,17,17,17,17,17,17,17,17,17,17,17,17,17,17,17,17
80:10,10
81:6
82:10,10
83:0,9
84:8,9
85:15
86:5,17
87:15,15,15
88:6,6,16,16,16,17,17,17,17,17
89:6,6,16,17
90:0,0,0,9,9,9,9,9
91:15,17
92:0,0
93:6,6,16,16,16,17,17
94:15,15
95:16,16
96:16,16,16,16,16,17,17,17
97:0,0,0,1,1,1,1,5,5,6,6,6,9,9,13,13,16,16,17,17,17,17
98:16
99:0,0,1,9
100:0,9,9,9
101:6,6
102:9,9,9
103:1,10,15
104:17
105:0,9
106:0,9,9
107:3,15,18
108:0,0,0,0,9,9
109:0
110:0,0,9
111:17
112:0,0,9
113:0,0,8,8,8
114:6,17
115:1,1,3,3,3,15,15,15,15,15
116:1,3
117:9
118:8,10
119:7,7,11
120:9,9,9
121:1,13,16,17
122:6,17
123:2,2,2,2,4,14,14
124:9,9
125:6
126:5,6,16
127:0,9,15
128:1,13,13,13,13
129:15
130:15
131:15
132:15
133:0,0,9
134:16
135:0,7,8,8,8,8,8,8,8,9,10,10
136:4,5,6,6,7,7,7,9,10,11,12,12,12,12,12,16,17,18,18,18,18
137:6,16,16,17
138:0,7,7,7,8,8,8,8,8,8,8,8,8,8,8,8,8,8,8,8,8,8,8,8,9,9,9,10,10,10,10,10,10,10,10,10,12,14
139:2,7
140:0,0,0,0,0,0,0,0,0,0,9,9,9,9,9,9
141:9,9,9,17
142:0,9,9
143:4,8,10
144:0
145:5,6,12,16,17
146:0,0,0,7,7,8,9,9,9,9,10
147:15,15
148:0,1,1,1,1,1,5,5,5,6,6,6,6,6,7,7,7,7,7,7,7,7,10,10,10,10,10,10,10,10,10,10,10,10,10,11,11,11,13,13,14,14,14,14,14,14,15,16,16,16,17,17,17,17,18
149:9
150:1
151:0,0,0,0,0,0,0,0,9,9,9,9,9,9,9,9,9,9,9,9
152:6,14,14
153:9,9,9,9,9
154:17
155:16,17
156:6,17
157:17
158:6,6,6
159:9,9
160:14,15
161:1,16
162:15
163:6,6,6,6,6,16,16,17,17
164:10,10,12,12,12,12,12,12
165:6,6,17
166:7,10,11
167:0,0,0,9,9,9
168:16,17
169:15
170:16
171:9,9,9,12
172:0,0,0,0,0,9,9,9
173:6,16
174:15
175:6
176:10
177:10
178:15,15
179:10
180:12,15
181:17,17
182:4,4,4,4,8,9,9
183:8,9
184:17,17,18
185:5,5,6,6,6,6,6,6,6,13,13,13,13,13,13,13,16,16,16,16,16,16,16,16,16,16,16,16,16,16,16,17,17,17,17
186:0
187:0,0,9,9,9
188:16
189:15
190:0,0,0,0,0,9
191:5,17
192:1,3,15,15,15,15,15,15
193:0,9,9,13,16,18
194:17
195:6,10,12,17,17,18,18,18
196:3,3,15
197:9
198:4,8,9
199:15
200:6,6,6,6,6,6,6,6,6,6,6,6,6,6,6,6,6,6,6,6,6,16,16,16,16,16,16,16,16,16,16,16,16,16,16,16,16,16,16,16,16,16,16,16,16,16,16,16,16,16,17,17,17,17,17,17,17,17,17,17,17,17,17,17,17,17,17,17,17,17,17,17,17,17
201:1,5,5,6,6,6,6,6,6,6,6,13,16,16,16,17,17,17,17,17,17,17,17
202:4,9,9
203:15,15
204:1,1,7,11
205:0,9
206:0,1,6,6,6,7,7,10,10,14,15,16,16,16,16,17,17,17,18
207:9,9,9
208:0
209:5,6,16,17,17,17
210:1,1,5,6,6,10,10,12,13,13,14,16,16,16,17,17
211:4,9
212:15,15,15,15
213:16,17
214:0,0,8,8,8,8
215:0,5,17,17,18,18
216:5,6,6,12,12,13,16,17
217:8,15
218:8,9
219:1,1,1,1,15,15
220:0,0,0,0,10,11,15,15
221:15
222:1,5,5,5,6,6
223:7
224:3,3,15,15
225:0,9
226:0,1,8,8,15,15,15,15,16,18,18,18,18
227:8,8,8,8,8,10,10,10,10,10,10
228:6,6,16
229:0,0,0
230:6
231:15
232:1,5,6
233:15
234:15
235:0,0,0,9,9,9,9,9,15
236:15,15
237:11,11
238:0,0,0
239:1,7,7,7,10,10,10,10,11,12,12,12,12,12,12,12,12,14,14,17
240:15
241:10
242:0,0,0,0,0,0,9,9,9
243:16
244:4,7,9,10,12
245:15,15
246:6,6,6,15,16,16
247:15,15
248:15,19
249:1,1,5,6
250:9,9,12
251:0,0,8,8,9,10
252:1,1,1,6,6,7,10,11,16,17
253:0,9
254:15
255:10
256:3,3,9
257:6,6,16,16,16
258:1,6,6,16,17
259:1,1,1,11,15,16
260:6,13,16
261:9
262:0,9,9
263:7,7,12,16
264:7,7,10,14,14
265:0,6,9,9,9,9
266:15
267:7,10,12
268:6,6,6,10,13,16,16,16,16,16,16,16,16,16,16,16,17,17,17,17,17,17
269:3,15,15
270:8,15
271:6,16,16,16
272:15
273:16,16
274:0,0,0,0,1,9,9,9
275:2,15,15
276:15
277:6,17,17,17,17
278:1,1,1,15
279:7,7
280:0,0,1,1,9,15
281:6,10
282:0,9,15,15
283:4,4,4,4,8,8,8,8,8,8,8,8,8,8,8,8,8,8
284:0
285:1,8,10,11,17
286:16
287:0,0,0,2,2,2,2,9,9,9,9,9,9
288:6,6,7,7,7,7,7,10,10,10,10,10,10,10,10,10,10,13,13,17
289:0,0,0,0,9,9
290:15
291:15
292:7,8,10,11,11,11,14
293:5,15
294:0
295:0,9,9,9,9,9,9,9,9
296:7
297:15
298:0,0,0,0,0,0,0,0,0,0,8,8,9,9,9,9,9
299:1,1,3,15,15,15
300:13,16,16,16,16,17,17
301:8,8,15
302:1,1,1,5,5,6,6,6,6,6,6,16,17
303:6,16,16,17,17
304:16,16,17
305:15
306:6,15,16,16
307:0,0,9
308:0,0,9,9
309:6,7,7,7,7,10,11,11,14,14,14
310:15
311:10,10,10,10,10
312:0
313:5,5,5,6,6,6,6,6,6,6,6,16,17,17,17,17,17,17,18,18,18
314:1,7,11
315:1,16,17,17,17
316:0,1
317:15
318:0,0,1
319:15
320:15,15
321:15
322:15,16,17
323:6,6,6,6,6,6,16,17,17
324:16
325:15
326:7,11,14
327:0,0,0,0,0,8,9
328:7,7,8,8,8,10,10,10,10,10,10,10,10,14,14
329:9,10
330:1,1,1,1,1,1,5,5,5,6,6,6,6,6,6,6,6,15,16,16,17,18
331:15,15,15
332:16
333:17
334:12,15,19
335:17
336:16,16,16,18
337:6,6,6,6,15,16,17
338:0
339:0,0,0,0,0,9,9,9,9,9,9
340:0
341:9,15
342:6,6,17
343:15
344:0,9,9
345:10
346:0,0,9,9,9,9,9
347:7,10,10
348:0,9
349:0,9
350:0,9,11
351:15
352:15
353:0,9,18
354:0
355:9,9
356:1,12,12,16,16,16,16
357:15
358:17
359:15
360:4,8,10,12
361:6,9,16,16
362:7,8,8,8,8,9,10,12
363:17
364:6,6,16,17
365:17
366:9
367:4,4,4,4,4,4,8,8,8,8
368:15
369:1,1,1,1,1,6,6,6,6,6,6,6,16,16,16,16,16,16,17,17,17
370:1
371:17
372:16
373:0,0,0,6,17
374:10,10,14
375:6,16
376:0,0,0,0,0,0,4,4,7,9,9,10
377:17
378:16
379:5,16,16,16,17
380:7,7,7,8
381:9,9
382:16
383:0,9
384:17
385:0,2,2,2,2,2,2,2,2,2,2,2,2,2,2,2,2,2,2,2,2,2,2,2,2,2,2,4,7,8,9,9,14,18
386:10
387:9
388:2,2,2,2,2,2,2,2,8,9
389:8,15
390:1,1,1,4,7,7,8,8,8,9,10,10,15
391:16,16
392:1,4,5,6,6,6,6,7,7,10,10,10,10,10,10,10,10,10,10,10,10,10,10,10,12,12,12,12,14,14,14,14,14,14,17,17,17,17
393:0,9,14
394:0,0
395:1,5,5,6,6,6,6,6,6,16,16,16,16,17,17,17,17
396:9,9,9,17
397:10
398:1,6,6,6
399:0,0,0,9
400:0,0,9
401:7,9,9,11,11,12
402:9,9
403:0,0,0,9,9,9
404:1,9,9,15
405:5,13,13,13,16
406:3,3,3,15
407:0,0,9
408:15
409:10
410:17,17
411:9,9
412:0,9
413:9,9,9
414:15
415:0,0,0,0,0,4,4,8,9,9,15
416:8,8,8,11,12,18,18
417:7,12,12,13,13,15,18
418:16,17
419:15
420:15
421:15,16
422:17
423:9,9
424:0,2,2
425:0,0,9,9,9,9,9
426:0,0,0,0,1,9,18,18,18
427:5,6,6,10,11,13,16,16,17,17,17
428:0
429:9,9
430:3,15
431:15,15
432:7,11
433:15,18
434:5,6,6,13
435:0,0,9
436:6,6,10,17
437:16,16,17,17
438:0
439:9,16,17
440:15,15,15,15
441:15,18,18
442:9
443:10
444:5,16,17,17,17
445:1,6,6,16,17
446:16,17
447:6,6,6,16,16
448:16,16
449:0,9
450:15,15
451:6,16
452:1,6,6,6,16,16,16,16,16,17,17,17,17
453:6,17
454:5,6,16,16
455:10
456:1,3,3
457:9
458:5,16
459:7,10
460:1,5,17,17,17
461:0,2,2,2,2,8,15
462:16,16
463:0,9
464:1,10,15,15,15,15,15,15,15
465:8,8,8,9,15,15
466:0,0,0,0,0,9,9,10
467:0,0,9,9
468:0
469:0,0,9,9
470:0,0,0,0,0,0,0,0,0,0,0,0,0,0,0,0,0,0,0,0,0,0,1,1,4,5,6,6,7,7,7,7,7,7,7,7,7,7,7,7,7,7,7,7,7,8,8,8,8,8,8,9,9,9,9,9,9,9,9,9,9,10,10,10,10,10,11,11,15,15,15,15,15,15,15,15,15,15,15,18,18,18,19,19
471:16
472:0,0,0,0,9
473:6,9,15
474:0,0,8
475:1,3,5,6,6,6,6,6,17,17,17,17
476:6,6,6,6,6,16,17,17,17,17,17,17,17
477:5,6
478:6,6
479:1,5,5,5,6,6,6,6,9,13,13,13,13,13,13,13,13,13,13,13,13,13,13,16,16,16,16,16,16,16,16,17,17,17,17,17,17,17
480:17
481:0,0,0,0,0,6,9,9,18
482:0,0,0,9,9,9,9
483:9,9,9
484:0,0,9,9,9,9,9,9
485:15,15
486:6,16,17
487:15
488:10,14
489:7
490:15
491:9,9
492:6,6,6,6,10,17
493:5,5,6,6,13,13,13,13,13,13,13,16,16,16,16,16,16,16,17,17,17
494:15,15
495:6,6,6,6,16,17,17,17
496:5,6,16,17,17,17,17
497:0,0
498:0,0,9,15
499:1
500:15,15
501:16
502:6,6,13,16,16,16,16,17,17
503:8,9
504:6
505:13,16
506:16
507:1,5,5,5,6,6,6,6,6,7,7,11,11,11,11,14,16
508:16,17
509:15
510:17
511:5,6,6
512:16
513:7,7,11
514:15
515:0,9
516:6,6
517:10
518:15
519:11
520:6
521:1,1,12,15,15,15
522:1,1,1,6,6,6,6,6,6,6,13,16,16,16,17,17,17
523:0,9,9,9,9,9,9
524:6,6,16,17
525:9,9,9
526:6,17
527:9
528:16,16,17,17
529:6,6
530:6,6,6
531:15,15
532:3,11,15,15,15,15,15,18,18,18
533:7
534:6,6,6,17,17
535:8,9
536:15
537:15
538:7
539:10
540:10
541:1,1,1,1,1,5,6,6,6,6,6,6,6,11,11,14,14,17
542:6,6,6,6,17
543:17,17,17,17
544:9,9
545:8,8,10
546:0,1,1,1,5,5,5,5,5,5,5,5,5,5,6,6,6,6,6,6,6,6,6,6,6,6,6,6,6,6,6,6,6,6,6,6,10,11,13,13,13,13,13,15,15,16,16,16,16,16,16,16,16,16,16,16,16,16,16,16,16,16,16,16,16,16,16,16,16,16,16,17,17,17,17,17,17,17,17,17,17,17,17,17,17,17,17,17,17,17,17,17,17,17,17,17,17,17,17,17,17,17,17,17,17,17
547:5,6,6,16,17,18,18
548:0,0,0,0,9,9,9,9,9,9,9
549:0,0,9
550:7,7,10
551:0
552:1,1,1,3,3,3,3,3,3,3,15,15,15,15,15,15,15,15,15,15,15,15,15,15,15,15,15,15,15,15
553:0,0,9
554:3,3,3,3,15,15
555:11,12,16,16,17
556:0,4,9
557:16,16
558:1,10
559:13,13,13,16
560:16,17
561:15
562:1,6,15,15,18
563:5,5,5,6,16,17,17
564:0,8,9
565:13,13,17
566:0,0,9
567:3,3,15
568:7
569:15
570:1,7,9,9
571:0
572:15
573:16,16
574:0,0,0,2,2,2,2,2
575:15
576:3,15
577:6,6,16,16,16,17
578:9,9,9
579:9
580:9
581:0,0,4,11
582:1,3,3,3,18,18,18,19
583:17
584:7,11
585:6,6
586:6
587:1,5,5,6,6,6,6,6,6,6,6,6,6,6,6,6,6,10,10,16,16,16,16,16,16,16,16,16,16,17,17,17,17,17,17,17,17,17,17,17
588:15
589:15,15,15,15,15,15
590:7,10,12,12
591:4,7,7,7,7,10,10,11,11,11,11,11,11,12,12,12,12,12,12,12,14,14
592:9
593:9
594:9
595:13,16,16
596:15,19
597:0,1,1,7,10,11,14,14,18
598:6,6,17
599:15
600:8,9
601:16
602:15
603:0,0,9
604:15,15
605:15
606:0,0,0,9,9,9,9,9
607:1,3,7,7
608:16,17
609:16,17
610:15
611:8,8,8,8,9
612:0,0,2,8,9,9
613:0,0,0,0,0,0,0,0,9,9,9,9
614:6,6,9,16,17
615:6,6,6,13,13,13,16,16,16,17,17,17,17
616:0
617:3,8,8,12,12,12,12
618:15
619:15,15,15
620:17
621:10,12,12
622:0,0,0,9
623:9
624:17
625:1,1,10,10,14
626:0,8,9,9
627:7,8,9,10,10,10
628:0,9
629:17
630:15
631:8,8,9,9
632:0,0,0,0,0,0,4,4,4,8,8,8,9,9,9,9,9
633:16
634:15
635:9
636:6,15,17
637:16,16
638:9
639:5,5,5,6,6,6,6,6,6,7,16,16,16,17,17
640:9
641:5,16,17,17
642:0,0
643:7
644:7,7,7,7,7,7,10,10,10,11,11,11,11,11,11,11,12,12,12,12,12,12,12,12,12,12,12,12,12
645:6,6,16,16,16,16,16,17,17
646:15
647:0,8,15
648:1,1,6,15
649:1,11,14
650:0
651:0,0,0,0,0,0,9,9,9
652:17,17
653:0,15,18
654:0,1
655:16,17
656:17,17,17
657:17
658:15,15
659:9,9
660:6,10
661:15
662:6,11
663:0,0,9
664:15
665:6,17
666:1,1,1,5,5,6,6,6,6,6,6,6,6,6,6,7,7,7,7,16,16,16,16,17,17
667:9
668:1,6,6
669:9,9
670:0,0
671:0,0,0,0,0,9
672:1,1,1,6,10,17
673:0,0
674:6,6,15,18,18
675:1,1,6,6,6,16,17,17
676:6,6,6,6,6,16,16,17,18
677:15
678:16
679:0,0,0,0,0,0,9,9,9,9,9,9,9,9
680:0,7,8,8,9,9,10,10,10,14
681:6,6,17,17
682:6,7,7,14
683:14,16
684:15,15,15,15,15,15,15,15,15,15,15,15,15,15,15,15,15,16
685:3,15,15
686:15
687:16,16
688:6,6,6,16,16,16,16,16
689:17
690:6,17,17,17
691:1
692:7,8
693:1,4,8,9,10,10
694:0,0,9
695:9
696:9,9,9,9,15,15
697:0,0,8,8
698:9,9,9
699:15,15,15
700:17
701:0,9
702:6,6
703:5,16
704:3,15
705:12,12,12
706:16,16,17
707:0
708:0,2,9
709:5,13,16
710:0,1,1,7,7,7,8,8,8,8,8,9,10,10,10,10,10,10,10,10,10,10,10,10,15
711:7,10
712:1,1,1,6,6,6,6,6,7,10,16,16,16,17,17,17
713:15
714:17
715:17
716:6,6,16,16,17,17
717:6,6,17,17,17,17
718:9,9
719:1,7,16,16,18,18,18,18
720:0,9
721:1,6,6,6,6,10,10,16,16,16,17,17,18
722:0,9,9,9
723:1,1,5,5,5
724:9,9,9,9
725:7,10
726:6,16,16,17
727:0,0,2,2,2,2,2,2,2,2,2,2,2,2,2,2,2,2,2,2,2,2,2,8,8,9,9,9,9,9,9,9,9
728:7
729:15
730:15
731:9
732:15
733:16
734:1,15,15
735:0,0,0,0,9
736:10,12
737:17
738:6,16,17,17
739:0,0,0,0,9,9,9
740:6
741:15,15,15,15,15,15,15,15,15,15
742:1,6,6,6,6,16
743:0,9,9
744:0,8,8,9,9,9
745:15
746:9,9
747:9,9,9
748:3,3,3,3,15,15,15
749:0,0,0,0,9,9,9,9
750:16,16,16,16,16,16,17
751:15
752:1,1,1,1,1,4,5,5,5,5,5,5,5,5,6,6,6,6,6,6,6,6,6,6,6,6,6,6,6,6,6,6,7,7,7,7,7,7,7,7,7,7,7,8,8,10,10,10,10,10,10,10,10,10,10,10,11,11,11,11,11,11,12,12,12,12,12,12,13,14,14,14,14,14,14,14,16,16,16,16,16,16,16,16,16,16,16,16,16,16,16,16,16,17,17,17,17,17,17,17,17,17
753:7,10,10
754:3,3,3,15
755:17
756:0,6,17,17,17,17,17,17,17,17
757:15
758:6
759:11,11,16
760:9
761:17
762:1
763:0,0,0,0,0,0,0,9,9,9,9
764:5,6,10
765:17
766:10
767:15
768:15
769:16
770:13,16,16
771:17
772:15
773:17
774:16,16
775:7
776:17
777:0,6,8,9,10,12,14
778:8,10
779:15
780:1,4,4,6,8,8,8,10,15,15,15,18
781:15
782:0,0,0,0,0,0,9
783:0,0,2,8,8,8,9
784:1,5,6,6,14
785:11,15
786:13,16,16
787:15
788:15
789:6,6,6,6,6,16,16,16,16,17,17,17,17,17
790:10
791:9,9
792:0,0,9
793:0
794:0,0,0,0,0,0,0,0,0,0,0,0,0,0,8,8,9,9,9,9,9,9,9,9,9,9,9,9,9,9,9,9,9,9,9,9
795:5,5,6,6,7,7,12
796:7,12,14,14
797:10,11
798:9,9
799:1,1,1,1,3,5,10,15,15,15,15,18,18,18
800:16
801:0,0
802:4,10,12
803:0,0,0,4,9,9,9
804:10,10
805:6,6,17
806:1,11,15
807:1,1,5,5,5,6,6,6,6,6,6,6,6,6,6,7,7,12,16,16,16,17,17,17,17,17,17,17
808:0,5,13,13,18
809:6,16,17
810:0,0,3,7,14
811:11,11,11
812:9,9,9
813:11
814:0,9,15
815:0,0,0,1,1,9,9,9,16
816:15
817:1,1,1,5,5,6,16,16,16,16,16,16,17,17,17,17,17,17,17,18,18,19
818:0,15,15
819:1,15,17
820:16
821:6,6,12,16
822:6
823:10
824:1,5,6,6,6,6,6,6,6,6,6,13,13,16,16,16,16,16,16,16,16,16,16,16,16,16,16,16,16,16,16,16,16,16,16,16,16,16,17,17,17,17,17,17,17,17,17
825:15
826:15
827:0,1,5,5,6,6,6,6,6,6,16,16,16,17,17,17
828:15
829:1,8,15
830:6,6,17,18,18
831:1,6,6,6,16,16,16,16,16,16,16,16,16,16,17,17,17
832:6,6,6,6,7,7,7,9,10,10,10,11,14,16,17,17,17
833:10,10,10,14
834:0,0,9
835:16
836:15
837:1,1,5,6,6,6,13,16,16,16,16,16,17,17,17
838:1,3,3,3,6,15,15,15,15,15,15,15,15,16,17
839:10
840:0,0
841:8,10
842:1,1,6
843:0,0,0,9,9,9
844:0,0,7,8,8,8,10,10,10,12,14,14,14
845:7,10,10
846:2,2,2,15
847:9
848:3,3,9,9,9
849:1,10,11,17
850:5,5,6,6
851:15
852:0,0,10
853:0,9
854:0,9
855:10
856:5,6,16,17
857:9
858:10
859:0,0,0,18,18
860:15
861:0,0,1,3,3,3,3,3,3,3,3,4,9,9,9,9,9,9,9,9,9,9,9,12,15,15,18,18
862:11,11,11,12,12
863:6,16,16,17
864:0,0,0,0,0,0,0,0,0,4,4,8,8,8,8,8,9,9,9,9
865:0,8,8,9,9
866:15
867:16,17
868:6,6,16,16,16,16,17,17
869:15
870:15
871:0,9,9
872:10
873:3,3,3,15,15
874:1,5,5,5,6,6,6,6,6,6,6,6,7,7,7,9,10,10,10,11,13,15,16,16,16,16,16,16,17,17,17,17,17,17,17
875:15
876:6,16
877:9,9
878:6,6
879:1,5,6,6,12,13,17
880:15,15,15,15,15,15,15,15,15,15
881:10
882:9
883:0,0,9,9,9,9,9
884:7,7,8,8,8,8,8,10,10,10,10,10,10,10,10,10,14,14,14,14
885:17
886:0,8
887:9,9
888:7,7,10,10,14,14
889:0,9
890:5,6,6,6,7,10,10,11,16
891:0,0,0,0,9
892:15
893:9,9,9
894:15,15
895:10
896:0,2,8,9
897:0,0,9
898:17,17
899:6,6,16,16,16,17
900:17
901:17
902:11
903:1,1,1,2,4,6,8,8,9,15,16,18
904:16
905:3,3,3,3,15
906:15,15
907:1,15
908:0,0
909:0,0
910:15
911:15,15,16
912:16,16,16,17,17,17,17
913:16,17,17
914:16
915:0,9,9
916:17
917:6,6,6,13,16,16,16
918:15
919:15,15
920:17
921:6,16
922:15,18
923:6,16,17
924:16
925:10
926:4,9,9,9,9,9,10,11,12
927:6,6,13,16,17,17,17,17
928:9,9
929:16
930:2,2,7,7,7,9,10,12
931:17
932:5,6,6,6,6,6,6,6,10,12,13,13,13,16,16,16,17,17,17,17
933:10
934:8,8,15
935:6
936:8,9
937:10
938:17,17
939:17,17,17
940:0,0,8,9,10,10,14
941:1,2,2,15
942:1,9
943:10
944:0,9
945:15
946:7,15,18
947:16,17
948:15,15,15
949:16,16,16,16,17,17
950:0,0,9
951:9
952:6,6
953:5,13,17,17
954:9
955:17,17
956:11,12
957:17
958:9,9
959:9
960:6,6
961:17
962:10,10,12,14
963:6,6
964:16
965:10
966:0,0,0,0,0,0,0,0,2,8,8,8,8,8,8,8,9,9,9,9
967:0,7,10
968:17
969:6,6,6,6,6,6,7,7,7,7,10,10,10,10,10,10,10,11,12,14,14,14,14,16,16,16,16,16,17,17,17
970:15
971:15
972:0,1,1,8,9,12,13
973:1,1,1,5,5,5,5,5,6,6,6,6,6,6,6,6,6,6,6,6,6,6,6,6,6,7,7,7,10,10,10,11,11,11,11,11,11,11,11,14,16,17,17,17,17,17,17,17,17,17,18
974:7
975:17
976:6,6,6,6,13,13,16,16,16,16,16,16,16,16,16,16,17,17,17
977:6,16,16,17,17
978:15
979:6,6,16,16,16,16,16,16,17,17,17,17,17,17
980:15,18
981:0,0,0,0,0,0,4,4,7,8,8,9,9,9,9,10,11
982:1,4,4,4,4,8,8,9,9,9
983:3,15
984:15,18,18
985:0,8,9,9,9,9,9
986:1,6,6,6,6,13,16,16,16,16,17,17,17
987:0
988:15
989:15
990:16,17,17
991:16
992:0,8,8,8
993:7,8,10
994:1,7,15,15
995:16
996:6
997:1,5,5,5,5,6,6,6,6,6,6,6,6,6,6,7,11,11,12,13,13,13,13,13,13,13,14,14,16,16,16,16,16,16,17,17,17,17,17,17,17,17,17
998:0,9
999:0,0,9
1000:0,0,0,9,9,13,13,13,13,13,13,13,13,13,13,13,13,13,13,15,16,16,16,16,16,16,17,17,17,18
1001:10
1002:15
1003:10
1004:9
1005:5,5,6,6,6,6,6,6,6,6,6,6,6,16,16,16,16,16,16,16,16,16,16,16,16,16,16,16,16,17,17,17,17,17,17,17,17,17
1006:9
1007:0,0,12
1008:15
1009:1,6,6,6,6,16,16,17
1010:0,15
1011:0,9
1012:10,10,10
1013:15,18
1014:10
1015:15
1016:0,0,0,0,0,2,2,4,7,7,8,8,10,14,14,14,14,14,15
1017:0
1018:4,12,14
1019:15
1020:15
1021:15
1022:15
1023:6,6,10,16,16,16,16,17,17,17
1024:16
1025:17
1026:0,0,4,9
1027:9,9
1028:17
1029:10,10,11,11,15,18,18
1030:9
1031:7,7,8,9,10
1032:9,9,9,9,9,9
1033:2,3,3,3,3,3,3,3,3,3,3,5,9,15,15,15,15,15,15,15,15
1034:6,6,17
1035:16
1036:1,6
1037:3,5,15,17
1038:0,0,9,9
1039:6,6,7,7,11
1040:5,5,6,6,6,6,16,16,17,17,17,17
1041:3,3,3,15,15,15,15,15,15,15
1042:11,11,11,11,12,14,18
1043:9,9
1044:6,15,15
1045:0,0,9,9,9,9
1046:6,6,6,7,7,7,10,10,10,10,10,11,14,14,16,16,17,17
1047:0,0
1048:0,1,1,1,1,1,1,1,1,1,1,1,1,1,1,1,1,1,5,5,5,5,5,6,6,6,6,6,6,6,6,6,6,6,6,6,6,6,6,16,16,16,16,16,16,16,16,16,16,16,16,16,16,17,17,17,17,17,17,17,17,17,17,17,18,18
1049:15,15,15,15,15
1050:17
1051:1,3,3,3,3,4,7,7,8,9
1052:1,1,1,15,15,15,15,15,15,15,15
1053:1,6,9,9,16
1054:11,11,11,11,11,11,11,11
1055:16,17
1056:9,9,9
1057:0,9,9,9
1058:0,9
1059:6,17
1060:7,7,8,10
1061:16,17
1062:9,9
1063:15,18,18
1064:0,0,9
1065:5,5,5,6,6,6,6,6,6,6,6,6,16,16,16,16,17,17,17,17,17,17,17
1066:0,0,0,0,0,0,0,0,9,9,9,9,9,9,9,9,9
1067:6,6,16,16,17
1068:0,0,0
1069:6,6,7
1070:1
1071:16,16,17
1072:1,1,1,1
1073:1,10
1074:15
1075:6,6,6,13,13,16,16,16,16
1076:1,3,15,15,18,18,18,18
1077:0,0
1078:17
1079:6,6
1080:13,16,16
1081:6,6,6,6,6,6,10,13,13,13,13,13,13,13,13,13,13,13,13,13,13,13,13,16,16,16,16,16,16,16,16,16,16,16,16,16,16,16,16,16,17,17,17
1082:6,17,17,17
1083:6,11,16
1084:0,9
1085:10
1086:0,0,15
1087:1,6,10,16,16
1088:7
1089:6,17
1090:6,8,11
1091:0,0
1092:16
1093:17
1094:6,6,17,17
1095:1,13,13,17,18
1096:15
1097:9
1098:10
1099:6,6,6,6,6,9,13,13,16,16,16,16,16,16,16,16,16,16,16,16,16,16,17,17,17,17,17,17,17,17,17,18,18,18
1100:0,0,0,0,0,7,8,8,8,8,9,10,15,15,15,15,18,18
1101:1,9,10,10,10,10,14,18
1102:1,7,10,11,14,15
1103:15
1104:6,7,7,8,8,8,10,11,14,14,14,14
1105:7,7,8,10,10,10,10,14,14
1106:0,0,8,8
1107:15,16,16,17,17,18,18
1108:1,5,5,5,6,6,6,6,6,6,6,6,6,13,13,16,16,16,16,16,16,16,16,16,16,16,16,16,16,16,17,17,17,17,17,17,17,17,17,17,17,17,17,17,17,17,17,17,17,17
1109:2,2,8,15
1110:7,7,10,10,10
1111:7,15,15
1112:16,16,17,17,17,17,17,17
1113:0
1114:17
1115:16
1116:1,10,15
1117:1,6,7,7,7,7,7,7,7,7,7,7,7,8,9,10,10,10,10,12,14,14,14,14,15
1118:1,15
1119:1,1,1,1,1,1,6,6,6,6,6,6,6,6,6,6,10,12,16,17,17,18
1120:0,0,0,0,9,9,9,9,9
1121:15
1122:10
1123:10,10
1124:0,0,9,9,15,15
1125:1,5,6,17,17
1126:9,9
1127:7,10,10
1128:15
1129:0,1,1,6,7,7,9,9,9,10,11,17
1130:0,17,18
1131:1,6,6,16,17
1132:0,0,1,9,9
1133:15,15,15,15,15,15
1134:4,9
1135:1,1,6,6,6,6,6,11,11,11,16
1136:15
1137:5,6,6,6,16
1138:6,16,17,17
1139:15
1140:10
1141:0,2,2,4,9,11
1142:0,0,0,9,9,9,9,9,9,9,9
1143:0,0,9
1144:0,0,0,0,9,9
1145:17
1146:0,0,0,4
1147:13,16,17,17,17
1148:5,6,6,6,6,10,13,16,16,16,16,17
1149:0,0,0,0,0,0,0,6,6,6,9,9,9,9,13,13,13,13,13,13,13,13,13,16,16,16,17,17,17
1150:1,13,13,13,13,16,16,16,17,17,17
1151:15
1152:17
1153:15
1154:0,8,8,9,11
1155:0
1156:6,17,17
1157:8,15
1158:11
1159:0,9,9,9,11
1160:0,7,7,7,9,12,13
1161:1,1,1,1,1,1,1,10,15,15,15,15,15,15,18,18
1162:6,17
1163:15
1164:10,10,10
1165:0
1166:8,10
1167:0,0,0,0,0,8
1168:0,0,9,9,9,9,9,9,9,9,9,9,9,9,9,9,12
1169:1,6
1170:16
1171:15
1172:9,9,12
1173:6,6,6,6,13,13,16
1174:15
1175:8,8,10,10,14
1176:1,1,2,15,15,15
1177:1,6,6,6,6,6,18
1178:15
1179:17
1180:17
1181:0,0,0,0,0,0,0,0,4,4,8,8,8,8,8,8,8,9,9,9,9,9,9,9,9,9,9,9,12,12,12,13
1182:3,3,3,3,3
1183:6,6,6,17,17
1184:9,9
1185:0,9
1186:12,12
1187:6
1188:9
1189:0,0,8,9,9,9
1190:11
1191:6,11,12,12,15
1192:16,17
1193:0,0,0,0,4,4,4,8,8,8,8,8,8,8,8,8,8,8,9,9,9,9,10
1194:10
1195:15
1196:0,0,0,9,9,13,13
1197:0
1198:0,15
1199:15
1200:8,8,8,8,8,8,15
1201:1,1,1,18,18
1202:0,8,9,9
1203:15
1204:16
1205:12,15,15,15,18
1206:10,10
1207:6,17,17
1208:1,1,1,1,3,3,3,3,3,3,3,3,3,3,3,3,3,3,3,15,15,15,15,15,15,15,15,15,15,15,15,15
1209:15,15
1210:5,6,15,15,15,16
1211:0
1212:7,7,7
1213:0,9,9,9,9
1214:9,11,15,15,15,15,15,15,15,15,15,15
1215:6
1216:0,0,0,0,0,0,0,0,0,0,0,0,0,0,0,0,0,0,0,4,4,8,8,8,8,8,8,9,9,9,9,9,9
1217:5,16,16
1218:9,9
1219:4,10,18
1220:8,10,10,10,13,14,14
1221:6,16,16
1222:10,10
1223:10,10
1224:13,16
1225:1,6,10,10,16,16,16,16,16,17
1226:1,10
1227:0,15,15
1228:16,16,17,17,17
1229:15,15,15,15
1230:10
1231:15,15
1232:6
1233:15
1234:9,9,9
1235:0,4,8,8,9
1236:0,4,9,9,9,9,12,12
1237:3,5,6,6,12,15,15,16,17,17,17,17,17
1238:0,0,0,0,9
1239:1,1,1,1,1,6,6,6,13,14,16,16,17,17,17
1240:9
1241:6,16
1242:9,9
1243:0,9
1244:0,9,9,9,9,9
1245:9,9,9,9,9
1246:0,0,0,4,8,8,8,8,8,8,9,9,9,9,9,9,9,9,9,9,9
1247:6,6,6,13,15,16,16
1248:0,9
1249:15
1250:10,10
1251:6,16,16
1252:0,0,0,0,0,0,0,0,1,9,9,9,9
1253:1,1,1,7,10,11,11,11,12
1254:1,1,1,1,1,1,1,6,6,10,11,11,11,11,12,16,17,18,18
1255:6,6,6,6,17
1256:0,9
1257:8,10
1258:15
1259:9,9
1260:13,16,16,17,17
1261:1,1,6,6,6,6,7,11,11,12,14,16,16
1262:15,15,15,15,15
1263:4,5,5,7,7,9,10,12,13,13,13,13,13,13,13,13,13,13,13,13,13,13,16
1264:7,9,11,11,11,11
1265:16,16
1266:1,1,6,16
1267:17
1268:16
1269:9,9
1270:1,13,16
1271:0,0
1272:9,9
1273:16,17,17
1274:0,1,1,6,7,7,7,9,14
1275:0,0,8,9,9
1276:8,8,8,8,8
1277:6,16,17,17,18
1278:9
1279:0,0,0,0,9,14
1280:6,11
1281:0,9
1282:7,11
1283:6,16,16
1284:4,4,4,9
1285:3,3,12,15
1286:15,15
1287:17
1288:15
1289:11
1290:6,8
1291:16,16
1292:9
1293:1,1,3,3,3,3,3,3,15,15,15,15,15,15,15,15,15
1294:10,15
1295:10
1296:17
1297:15
1298:15,15
1299:16
1300:7,7,7,7,8,9
1301:0,9
1302:15
1303:17
1304:7
1305:7,11,11,12
1306:1,6,6,6,6,16,16
1307:14
1308:16,16,17,17
1309:6,16
1310:5,11,11,16,16
1311:6
1312:15
1313:5,6,16,16,17
1314:5,6,6
1315:15
1316:15
1317:17
1318:10,14
1319:0,0,0,9
1320:0
1321:9
1322:0,0,0,0,0,0,0,7,7,9,9,9,9,9,9,9,10,10
1323:15
1324:16
1325:15
1326:0
1327:16,17
1328:7,7,7,8,8,8,8,9,10,10,10,15
1329:16,16
1330:16,17
1331:15
1332:0,0
1333:4,8,8,10,11,11
1334:10,11
1335:0,0,0
1336:15,15,15,15
1337:7,13,16,16,17,17,17,17,17
1338:15,15
1339:0,9,9,18,18,18
1340:7,14,15,15
1341:16,17
1342:0,0,0,0,9,9,18
1343:15,15,18
1344:10
1345:15
1346:0,9
1347:3,6,6,6,11,15,15,15,15,15,16,17,18
1348:11,11,11,11,11,11,11
1349:7,10,10,10
1350:9,10,15,15,15,19
1351:6,16
1352:1,9
1353:9
1354:7,7
1355:0,0,0,9,9
1356:9,9
1357:10
1358:0,9
1359:4,12,12,12,12,12,12,12
1360:15
1361:6,6,6,16,17
1362:1,6,6
1363:15
1364:16
1365:5,6,6,16,16,16,17
1366:16
1367:1,11,11,17
1368:1,7,7,7,11,15,15,15,15,15,15
1369:10
1370:17
1371:11
1372:9
1373:0,0,0,0,0,0,0,0,9,9,9
1374:1,8,15
1375:1,7
1376:6,6,6,6,6,11,16,16,16,17,17,17,17
1377:6,15,15,15,15,15,15,15,17,17
1378:6,13,16,17
1379:5,15
1380:10,10,12
1381:15,15
1382:10
1383:10,10,13,13,13
1384:0,9
1385:9,9,9,9,9
1386:4,8,9,9,9
1387:0,0,0,0,0,0,0,0,0,6,6,9,9,9,9,9,9,9,9,9,9,9,9,9,9,13,13,13
1388:15
1389:17
1390:4,9,9
1391:0,0
1392:1
1393:9
1394:5,16,17,17,17
1395:15
1396:0,9
1397:0,0,9
1398:0,9,9,9,18
1399:9,9,15
1400:8,9,15,15
1401:5,13,13,17
1402:0,0,1,4,7,7,8,8,9,9,10,10,10,10,10,10,10,10,10,14,14,16,16,16,18
1403:15,18
1404:9
1405:1,1,1,7,7,16,17
1406:17,17
1407:0,9,9,9,15,18
1408:4,10
1409:0,0,0,0,9
1410:6
1411:0,1,3,3,7,8,8,9,15,15,15,15
1412:15
1413:15,15,15
1414:6,14
1415:3,15,15,15
1416:0,0,0,0
1417:0,0
1418:6,6,16,16,17
1419:0
1420:1,7,7,7
1421:1,9,15
1422:0,9
1423:6,16,17
1424:0,0,9
1425:10
1426:0,2,2,2,2,17
1427:17,17,17
1428:0,9
1429:10
1430:17
1431:1,5,9,13,13,13,13,13,13,13,13,13,13,13,13,13,13,13,13,13,13,13,13,13,13,13,13,13,13,13,13,13,16,16,16,16,16,16,16,16,17,17,17,17,17,17,17,17
1432:0,10
1433:7,10,17
1434:10,10,14,14
1435:16
1436:0,0
1437:9
1438:8,10,14
1439:15
1440:5,5,5,6,16,16,16,17,17,17
1441:0,0,9
1442:6,17
1443:10,14
1444:7,7,7,9,10,11,11,11,11,12,15,15,15,15,15
1445:9,9,9,17
1446:9
1447:15,15,15
1448:9,9,9,9,9
1449:1,1,1,3,3,15,15,15,15,15,15
1450:16,16,16,16,17,17
1451:15
1452:9
1453:6,6,17
1454:17
1455:15
1456:17
1457:1,4,9,15
1458:16,17,17,17,17
1459:4,4,10,12
1460:0
1461:7
1462:5,6,6,6,6,17,17
1463:17,17
1464:1,1,3
1465:0,9,9,9
1466:10
1467:7,9,10
1468:0,0,8,8,8,8,8,8,8,8,8,8,8,9,9,9,9,9,9
1469:7,7,8,8,11,11,11,12,12,12,12,14
1470:15,15,15,15,15,15,15,15,15,15,15,15,15
1471:17
1472:0,9,9
1473:15
1474:10
1475:1,3,15,15,15,15
1476:1,18,18
1477:0,0,0,9,9,9,13
1478:1
1479:10,12
1480:0,0,0,9,17
1481:9,9
1482:10
1483:1,1,3,3,18
1484:10
1485:16,16
1486:15
1487:13,13,13,16,17
1488:3,15
1489:1,5,5,6,17
1490:7,7,10,10,10,10,11,14,17
1491:0,0,0,0,5,5,6,6,9,9,9,9,9,9,9,9,9,9,13,13,13,13,13,13,13,13,13,13,13,13,13,13,13,13,16,17,17,17,17,17
1492:0,15
1493:0,6,8,8,15,16,17,17
1494:1,7,9,10,10,10,10,12,12,15,15
1495:1,7,7,7,11,11,11
1496:9
1497:1,1,3,3,3,15,15,15,15,19
1498:0,6,16,16,16,17,17,18
1499:6,16,16,16,16,16,17,17,17,17,17,17
1500:1,15,15,15
1501:8,15
1502:7,7,10,10,10,10,10,11,12,12
1503:15
1504:15
1505:1,15,15,15
1506:15
1507:6,16
1508:10,14
1509:6,16,17
1510:0,0
1511:9,15
1512:0,9,9
1513:13,13,16,17
1514:15
1515:6,6,16
1516:10
1517:0,0,0,8
1518:12,15
1519:15
1520:1,3,6,6,7,7,8,9,10,10,12,12,15,15,15,15,15,15,15,18
1521:15,18
1522:16
1523:15
1524:17
1525:1,6,15,15
1526:0,0,0
1527:8,15
1528:1,15
1529:0,0,0,9,9
1530:0,9,9
1531:15
1532:10,11
1533:7,7,7,8,10,11,14,14,17
1534:1,6,6,18,18,18
1535:0
1536:0,0,0,0,0,8
1537:15
1538:17
1539:9
1540:7,8,10,14
1541:7
1542:9,9
1543:15
1544:1,1,5,5,5,6,6,6,7,7,10,10,10,10,11,12,12,12,12,14,14,16,17,17
1545:17
1546:1,1,1,6,6
1547:10,14
1548:15,15,15,15
1549:0,1,1,7,8,8,10,10,12,15,15,15,15,15,15,18,18,18,18,19,19
1550:17
1551:6,6,6,6,17
1552:6,17
1553:0,0,1,9
1554:0,0,0,0,8,9,9,9
1555:17
1556:10
1557:1,1,1,1,1,1,1,2,2,3,3,3,3,4,6,6,7,7,7,7,7,7,8,8,10,10,10,10,10,11,11,11,15,15,15,15,15,15,15,15,15,15,15,15,15,15,15,15,15,15,15,15,16,17,18,18,18,18,18,18,18,18,18,18
1558:10
1559:4,8,12,12,12,12
1560:1,1
1561:0,0,1,1,3,3,3,3,5,6,9,9,15,15,15,15,16,17,18,18,18,18,18,18,18,18
1562:0,0,0,0,0,0,0,0,9
1563:0,0,9,9,9,9
1564:15
1565:10
1566:0,0,0,0
1567:6,16,16,17
1568:0,9
1569:17
1570:10,11,11,11,18
1571:1,6,7
1572:16,17,17
1573:10
1574:0,2,2,2,2,2,8,9,9,9,9
1575:6,6,6,6,6,6,6,6,16,16,16,16,16,16,16,16,16,16,16,17,17,17,17,17,17,17,17
1576:4,7,7,10,11,11,11,11,11,11
1577:4,8,8,10
1578:15,18
1579:2,7,7,17
1580:9,9,9
1581:0,0,0,0,0,0,0,0,0,9,9,9,9,9,9
1582:1,12,16,17
1583:15
1584:17
1585:1,1,5,5,5,6,6,6,6,6,6,6,6,6,10,13,13,16,16,16,16,16,16,16,16,16,16,17,17,17,17,17,17,17,17,17
1586:15,15,15
1587:7,7,10,10,10,11,11
1588:9,9,17
1589:0,4,4,8,8,8,8,8,9,9,9,9,9
1590:1,6,13,16,16,17,17,17,18,18,18,18
1591:0,0
1592:2,15
1593:6,6
1594:10,14,14,15
1595:15
1596:0,0,0,0,0,0,0,8,9,9,9,17,18
1597:0,1,1,1,1,1,7,7,8,9,10,10,10,10,10,10,12,12,12,12,12,12,12,12,12,14
1598:1,1,1,6,6,10,11,11,11,12,12,14,18
1599:0,7,15
1600:6,6
1601:15
1602:0,0,0,0,9,9,9
1603:10
1604:5,16
1605:0,9,9
1606:1,15
1607:10
1608:15,15
1609:8,10,14
1610:0,0,9
1611:15
1612:2,2,2,2,2,9
1613:7,11,11,11
1614:15
1615:0,0,9,9,9
1616:5,6,13,16,16,16,17
1617:0,9,9
1618:0,9,9,9,15,15
1619:6,6,16,17
1620:1,1
1621:5,6,6,16,16,16,16,16,16,16,16,17,17,17,17,17,17,17,17,17
1622:5,17,17
1623:9,9
1624:1,1,1,1,5,6,6,6,15
1625:9,15
1626:15
1627:0,0
1628:9,9
1629:0
1630:0,0,0,9,9
1631:15
1632:6,10,16,16,16,17,17
1633:1,9,18
1634:9
1635:1
1636:6,16,16,16,16,16,17,17,17,17
1637:6
1638:7,14
1639:6,15
1640:0,1,8,9,10,15
1641:0,0,9
1642:5,6,17
1643:6,16,17
1644:16,17
1645:6,6,17
1646:17
1647:0,0,2,2,2,2,2,2,2,2,8,8
1648:1
1649:15
1650:10,12
1651:16,16,17
1652:15,15,15
1653:1,1,1,1,5,5,5,5,6,6,6,6,6,6,6,16,16,16,17,17,18
1654:1,15,15,15,17
1655:9,13,13,17
1656:3,3,3,3,3,3,15,15,15,15,15
1657:9,9,9,16
1658:8,10,10
1659:0,9,15
1660:1,5,5,6,6,6,6,6,6,6,6,13,13,16,16,17,17,17
1661:0
1662:6,6,16,16
1663:15
1664:9,9
1665:5,5,5,5,5,6,6,6,6,6,6,6,10,10,16,16,17,17,17,17,17,17,17,17,17
1666:1,3,15,15,15
1667:16
1668:5,6,6,6,6,6,13,13,16,16,16,16,16,16,17
1669:10,10
1670:6,6
1671:15,15,15
1672:0,9,9
1673:7,15
1674:15
1675:15,15,15
1676:1
1677:0,6,9,9,15,17,17
1678:5,5,5,6,6,6,6,13,13,13,16,16,16,16,16,16,16,16,16,16,16,16,16,16,16,16,16,16,16,16,16,16,16,16,16,16,16,16,16,16,16,16,16,16,16,16,17,17,17,17,17,17,17,17,17,17,17,17,17,17,17,17,17,17,17,17,17,17,17,17,17,17
1679:16,16,16
1680:0,1,7,10,13,13,18
1681:6,16,16,17,17,17,17,17
1682:10
1683:7,11,12
1684:9,9
1685:5,6,6,6,6,6,16,16,16,16
1686:8,8,8,8,8,10,10,10,10,14
1687:15
1688:9
1689:16,17
1690:6,17
1691:7,11,14
1692:0
1693:15
1694:5,6,16,16
1695:9,9
1696:7
1697:9,9
1698:1,6,17,17,17,17,17
1699:11,11,14
1700:15
1701:0,9
1702:10
1703:7,10,15
1704:16,17
1705:1
1706:1,1,1,5,6,6,6,6,6,6,7,11,13,16,16,16,17,17,17,17,17,17
1707:10,16
1708:15
1709:9
1710:9,9
1711:6,10,15
1712:15,15
1713:9
1714:5,6,17
1715:6,16,16,16
1716:6,6,16,16,17
1717:10,10
1718:1,6,15,16,16,17,18
1719:0,0,0,7,7,8,10,10,10,10,10,11,12,12,12,14,14,14
1720:7,11,12,12
1721:17
1722:6,17
1723:9
1724:1,1,1,1,1,15,15,15,15,15,15,15,18
1725:7,17
1726:17,17
1727:1,6,6,16,17
1728:6,16,16,16,17
1729:9
1730:6,16,16,16,16,17,17,17
1731:9
1732:6,16,17
1733:6,17
1734:17
1735:15
1736:6,6,17,17
1737:3,3,3,3,15
1738:6,16,16,17,17
1739:0,0,4,4,9
1740:5,6,6,6,6,13,13,16,16,16,16,16,17,17,17,18
1741:6,6,6,16,17,17
1742:0,0
1743:9,9
1744:1,1,5,5,6,6,6,6,6,6,6,6,6,16,16,16,16,16,16,17,17,17,17,17,17,17,17,17,17,17,17,17,17,17,17
1745:6,16,17,17
1746:0,0,0,0,11,18
1747:1,1
1748:8,10,10,10
1749:2,6,9,9
1750:6,6,16,16,17
1751:0,7,7,11,12,12
1752:1
1753:5,16,16,17,17
1754:1,1,3,15,15,15,15,15,15,15,18,18
1755:9
1756:1,5,5,6,6,16,17
1757:6,6,16,17
1758:10
1759:10,16
1760:1
1761:3,3,3,3,15,15,15
1762:0,0
1763:0,9
1764:6,6,7,7,12,13,14,16,17
1765:3,15,15
1766:1,15
1767:15
1768:16
1769:9
1770:5,6,16,17
1771:0
1772:9,9,9
1773:6,6,6,6,6,17
1774:0,0
1775:9
1776:17
1777:9
1778:15
1779:0,6,6,10,16,16,16,17,17
1780:1,1,1,6,6,13,16
1781:1
1782:4,4,4,7,8,8,8,14
1783:1,5,6,6,16,16,16,16,17,17,17,17,17,18
1784:15
1785:9,9
1786:15
1787:15
1788:3,8,10,10,10,18
1789:0,2,2,2,2,2,2,2,9
1790:0,0,8,8,9,9
1791:1,1,1,1,1,1,1,1,6,6,10,11,15,16,16,17,17
1792:1,6,7,14
1793:6,16,17,17
1794:17
1795:10
1796:15
1797:0,0,2
1798:5,6,6,16
1799:9
1800:0,0,0,0,1,1,1,1,4,7,7,7,7,7,7,7,7,7,8,8,10,10,10,10,10,10,10,14,14,14,14,14,15,15,15,15,15,15,15,15,15,15,16
1801:15
1802:15
1803:6,7,14
1804:5,6,6
1805:0,9
1806:0,1,7,7,10,14,16,18,18,18,18
1807:3,15,17
1808:15
1809:0,0,0
1810:9,9
1811:0,0,0,0,1,1,7,8,8,8,8,8,8,8,8,8,8,8,8,8,8,8,9,9,9,10,10,10,10,10,10,10,10,10,15,15,15,18
1812:6,17,17,17
1813:9,9
1814:6,10,10,16,16,16,17
1815:6,6
1816:0,4,9,9,10,10,10,15
1817:0,0,0,9,9,9
1818:6,6,16
1819:4,7,8,10
1820:0,0,0,4,4
1821:7,7,7,14
1822:17
1823:1,1,5,5,5,5,6,6,6,6,6,6,6,6,6,6,6,6,6,6,6,6,6,6,7,7,7,7,7,7,7,7,7,7,7,7,7,7,9,10,10,10,10,11,12,13,14,14,14,14,14,14,16,16,16,16,16,16,16,17,17,17,17,17,17,17,18
1824:8,15,15,15,15,15,15,15
1825:15
1826:1,1,1,1,3,8,15,15,15,15,15
1827:0,0,9
1828:0,0
1829:10,15
1830:9
1831:0
1832:1,6,16
1833:15,15,15
1834:15
1835:16
1836:6,6,10,13,16,16,17,17,17,17,17,17
1837:7,11,15
1838:15
1839:6,6
1840:15
1841:16
1842:9,9
1843:10
1844:0,0,4,8,8,8,10,10,10,12
1845:0,9,9
1846:6,16,16,16,16
1847:6,15,16
1848:8,9
1849:9
1850:1,5,7,10,11,11,12,14,14,16
1851:15,15
1852:15
1853:13,13,17,17
1854:15
1855:15
1856:9,9
1857:0,0,0,9,9
1858:0,2,8,8,8,10,18,18
1859:0,0,9,9,9,17
1860:1,5,6,6,6,16
1861:0,9,9,9,9,9,9,9,9,9,9,9,9
1862:15
1863:15,18,18,18,18,18
1864:2,10
1865:0,0,9,16
1866:0,9
1867:9
1868:6,6,6,6,6
1869:15
1870:0,0
1871:1,10,12,12,12
1872:17
1873:1,1,5,5,6,6,6,6,6,6,6,7,11,11,15,16,16,16,17,17
1874:5,6,17
1875:0,0,1,9,9,9,9,9,9,9,9,9,18,18,18
1876:6,6
1877:3
1878:6,6,17
1879:1,1,1,1,6,6,6,6,6,6,6,16,16,16,16,17,17,17,17,17,17,17
1880:15
1881:2,3,7,10,10,10
1882:10,15
1883:0,0,9
1884:2,15,15,16
1885:1,5,6,16
1886:1,5,6,6,6,9,13,13,13,16,16,16,17,17,17
1887:0,0,0,0,2,2,2,2,2,9
1888:11,11,11
1889:7
1890:0,9
1891:9,9,9
1892:15,16
1893:1,15
1894:9,9
1895:0,0,9,9,9,9
1896:9,9,9
1897:5,6,6,6,6,6,6,6,13,16,16,16,16,16,16,17,17
1898:10,10
1899:9
1900:5,6,17,17
1901:0,0,2,4,9,9
1902:0,9
1903:0,0,0,0,0,0,1,2,2,2,2,4,4,4,4,4,4,7,8,8,8,9,9,10,11,14,14,14,14,14,14,15
1904:6,6,16,16,17
1905:5,5,5,5,6,6,6,6,6,6,6,6,6,6,13,16,16,16,16,16,16,16,16,16,16,16,16,16,16,16,16,16,16,16,17,17,17,17,17,17,17,17,17,17,17,17,17,17,17
1906:6
1907:5,5,6,6,6,6,6,6,13,13,13,13,13,14,16,16,16,16,16,16,17,17,17,17,17
1908:1,15,15,15,18
1909:17
1910:0
1911:7
1912:4,11,11,11
1913:9
1914:4,7
1915:9,9
1916:15,15,15,15
1917:15
1918:0,0,0,0,0,0,0,0,0,0,0,0,0,0,0,8,8,8,8,9,9,9,9,9,9,9
1919:1,1,1,15,15
1920:10
1921:6,6,6,16
1922:10
1923:0,0,8,8,10,10,10
1924:15
1925:0,9,9
1926:15
1927:7,11,12
1928:0,0,8
1929:16,17,17,17
1930:0,9
1931:17
1932:4,4,10,10,11,12,12
1933:0,4,4,8
1934:15
1935:0,0,8,9
1936:13,13,17
1937:0,9,9,9
1938:0,0,9
1939:5,6,6,6,10,17,17
1940:1,1,1,1,5,6,13,13,15,15,17,18,18
1941:4,10,10,15
1942:10,15
1943:0,6,6,6,6,9,9,9,9,17,17,17
1944:15
1945:0,0,9,9,9,9,9,9,9,9,9
1946:6,17
1947:7
1948:6,6
1949:6,16,16
1950:0,0,8
1951:8,9
1952:6,6
1953:0,1,1,1,3,3,3,9,15,15,15,15,15,15,15,15,15,15,15,15,15,15,15,15,15,15,18,18
1954:4,4,8,8,11,12,12
1955:14,14
1956:15,15
1957:10,10
1958:1,15,15,15,15,15,17
1959:4,9,9
1960:0,9
1961:15,15
1962:8,9,9,9,9,9,9,9,9,9,9,9,9
1963:10,15,17,19
1964:7,18
1965:2,2,2,10
1966:10
1967:11,16
1968:10,12
1969:0,0,1,15
1970:16,16
1971:0,9,9
1972:9,9
1973:6,15,17
1974:16
1975:15
1976:6,6,6,16,17,17
1977:15
1978:17,17
1979:1,1,13,13,13,13,13,16,17,17,18
1980:15
1981:0,9
1982:16
1983:10
1984:10,14,14
1985:5,7,7,10,10,11,12
1986:3,3
1987:0,0,8,8,9,9
1988:6,10,10,10,10,17
1989:6,17
1990:13,16,16,16
1991:0,0,9
1992:15
1993:6,6,16,16,16,16,16,17,17
1994:9,9
1995:17
1996:0,9
1997:0,0
1998:0,4,14,14,14,14,14
1999:0,7,8,9,14,14,17
2000:10,16
2001:6,13
2002:1,1,1,1,1,15,18
2003:1,1,1,15,16,17,17
2004:15
2005:9
2006:1,5,16,16,16,17,17,18,18
2007:0,9
2008:15
2009:6,6
2010:0,9
2011:9
2012:11,11,11
2013:0,0,0,0,0,0,0,1,6,9,9,9,9,9,16,16,17
2014:0,0
2015:0,9
2016:17
2017:0,9
2018:0,0,0,0,0,0,0,0,0,0,8,8,8,8,8,9,9,9,9,9,9
2019:0,9
2020:3,15,15,18
2021:15
2022:6,11,17,17
2023:15,18
2024:9,9
2025:6,6,17,18,18
2026:10
2027:17
2028:5,8,10,13,16,16,16,16,16,16,17
2029:6,6,6,13,13,13,13,16,16,16,16,17,17,17,17,17,17,18
2030:16,16,16,16,16,17
2031:9,9
2032:16
2033:10
2034:1,7,7,11,11,11
2035:0
2036:10
2037:6,17
2038:0,9,9
2039:1,5,16,17
2040:0,0,0,0,0,0
2041:10,17,17,17
2042:15,15
2043:0,0,9
2044:3,15
2045:10
2046:17,17
2047:7,10
2048:0,0,9
2049:6,7,10,14
2050:17
2051:8,8,8,9,10,10
2052:15
2053:16,16
2054:9,16
2055:13,16
2056:6,6,6,16,16
2057:17
2058:17
2059:1,6,7,16,16,16,18
2060:7,8,8,10,10,10,11,14,18,18
2061:0,15,15,15,15,17
2062:7,7,8,8,10,10,14,15
2063:6,7,10,10,11,16
2064:0,0,0,0,0,9,9
2065:15
2066:15,15,15
2067:7,7,10,12,17
2068:13,17,17
2069:0,8,10,10,15,15,15
2070:15
2071:10,11
2072:15
2073:13,17
2074:17,17
2075:1
2076:6
2077:1,6,6,14,17,17,17
2078:1,15
2079:1,7
2080:5,7,7,7,10,11,12,14,17
2081:0,0,0,7,8,10
2082:8,11,11,11
2083:16,17,17
2084:9,9
2085:5,17,17
2086:8,9,15,15,15,15
2087:6,16,16,17
2088:9,9
2089:10
2090:9,9
2091:9,10
2092:0,0,9
2093:1,5,6,6,6,6,16,16,16,16,16,16,16
2094:6
2095:13,16
2096:1,6,6,17
2097:0,9,9,9,9
2098:1,5,5,6,6,6,6,17,17,17,17
2099:0,0,0,0,0,0,0,0,0,0,9,9,9,9,9,9,9,9,9,9,9
2100:2,2,10
2101:7,10,12,12,12
2102:6,10
2103:5,5,6,6,14,14,16,17,17,17,18,18
2104:15
2105:1,15,15
2106:16,16,17
2107:17
2108:0,9
2109:0,9
2110:9,9
2111:8,10
2112:3,3,15,15,15
2113:0,0,1,7,15,15
2114:2,2,2,2,2,2,9,9,9
2115:15
2116:5,5,5,6,6,6,6,6,6,6,13,13,13,13,16,16,16,16,16,17,17,17,17,18
2117:0
2118:6,16,16,16
2119:0,5,13,13,17
2120:9
2121:15
2122:6,7,13,13,14,15,15,16
2123:1,6,6,7,8,18
2124:15,15,15,15
2125:0,0,9
2126:15,18
2127:9,9,9
2128:8,15,15,15,15
2129:5,16,17,17,17,17
2130:10
2131:0,0,0,0,0,0,0,1,1,1,1,1,9,9,9,9,18
2132:17,17,18
2133:0,9,9
2134:0,0
2135:15
2136:6
2137:6,16
2138:17,17
2139:0
2140:9,15,18
2141:6,6,9,17,17
2142:15
2143:0,0,0,9,9,9
2144:15,15
2145:12,12
2146:0,4,8,8,8,9
2147:0,0,0,9,9,9,9
2148:0,9
2149:6,6,6,6,6,6,16,16,16,16,16,16,16,16,17,17,17,17,17,17,17
2150:1
2151:1,10,10,15
2152:15
2153:16,16
2154:10
2155:15
2156:17
2157:16,16,17
2158:15,15,15,15
2159:17
2160:6,16,16,16,16,16,17
2161:1,6,16,16,16
2162:11,11,12,12,12,12,14
2163:8,10
2164:0,9,9
2165:7,14,14
2166:6,16,16,17
2167:9,9,9,9
2168:6,6
2169:17
2170:15
2171:15
2172:16,16,17
2173:0,0,7,15
2174:11,11,11,11,11,11
2175:1,1,7,10,15,15,15,15,15,18
2176:5,6,6,6
2177:7
2178:1,1,1,3,15,15,15
2179:9
2180:16
2181:15
2182:0,9,13,13
2183:0,0,0,15,15
2184:9,16
2185:15,15
2186:0,9,9,9
2187:9,9,9,9,9
2188:0,0
2189:10
2190:17
2191:0,0
2192:11,14,14
2193:16
2194:10,17
2195:7,14,14
2196:2,2,10
2197:2,2,2,2,2,2,2,2,2,2,9
2198:15
2199:6,10,10,12,16
2200:11,15
2201:6,17
2202:15,15
2203:6,7
2204:0,17
2205:1
2206:17,17
2207:1,8,8,8,10,10
2208:1,15,15,15,15,15,15,15,15,15,15,15,15,15,15,15,15,15,15,15
2209:0,9,9
2210:17
2211:17
2212:10
2213:6,6
2214:15
2215:6,16,16
2216:0,10,17
2217:15,15
2218:10
2219:12,12
2220:1,3,3,3,3,3,3,3,3,15,15,15,15,15,15,15,15,15,15,15
2221:15
2222:1,3,15,15,15,15,15,15
2223:1,10,10
2224:1,6,7,11,16
2225:0,1,7,8,8,9,12,18
2226:6,16,16,16,16,16,17,17
2227:9,9
2228:1
2229:15
2230:16
2231:15
2232:10,10
2233:1,5,10
2234:10,10,12
2235:0,1,15,15,18,18
2236:0,0,0,1,4,6,7,7,8,8,8,9,9,10,10,10,12,14,14,16,16,16
2237:2,9
2238:6,6,6,6,6,16,16,16,17
2239:6,6,16,16,17,17,18
2240:15
2241:0,9
2242:17
2243:0,0
2244:1,4,6,6,7,7,9,10,10,10,10,10,10,12,12,13,14,17
2245:1,6,6,6,17
2246:6,16,16,16,17,17
2247:17
2248:10
2249:0,9
2250:0,0,0,0,0,0,0,0,6,9,9,9
2251:15
2252:15
2253:1,1,10,15,15,15,15,15,15
2254:4,10,12
2255:0,0,0,9
2256:13,16,17
2257:15
2258:17
2259:17,17
2260:7,7,7,8,8,8,8,8,8,8,8,10,10,10,10,10,10
2261:15
2262:15
2263:11,11,16
2264:0,0,9,9
2265:0,0
2266:10,14
2267:1,1,1,1,6,6,7,7,7,7,10,10,10,10,10,10,10,10,10,10,10,10,10,10,10,12,12,12,13,14,14,16
2268:17
2269:17
2270:10,10
2271:10
2272:15
2273:3,3,3,3,8,15,15
2274:10,11,11,16,16,17,18,18
2275:1,1,1,1,1,1,1,1,1,1,3,6,10,10,10,10,10,10,10,10,10,15,15,15,15,15,15,15,15,15,15,15,15,15,15,15,15,15,15,15,15,15,15,15,15,15,17,18,18,18
2276:17
2277:10,14
2278:10,12
2279:7,10,10,11,14,14,18
2280:1,1,1
2281:0,0,9,15
2282:7,15
2283:10,14
2284:10
2285:1,5,5,16,16,16
2286:0,0,0,0,0,0
2287:15
2288:7,8,8,10
2289:17
2290:15
2291:16,16,16,16,17,17
2292:16
2293:9,9
2294:0,1,1,1,1,1,1,1,1,1,1,1,1,1,5,6,6,6,6,6,6,6,6,6,6,6,6,7,7,14,14,15,16,16,16,16,16,16,17,17,18,18,18,18,18
2295:15
2296:7,7
2297:1,1,5,6,6,10,12,16,17
2298:5,5,5,6,6,13,13,16,16,16,16,17,17,17
2299:0,0,0,1,1,1,1,1,6,9,9,13,16,17
2300:17
2301:0,0,9
2302:0,0,18
2303:0,0,9,9,9,9
2304:17
2305:15
2306:9,9
2307:0,0,0,6,6,8,8,9,10,10,16,17
2308:15
2309:11,15,15
2310:5,6,6,16,16
2311:9
2312:0,0,15,15
2313:9
2314:9,9
2315:10
2316:0,9
2317:17
2318:0,0,9,9
2319:10,12,12
2320:0,0,9,9,9
2321:9
2322:5,6,6,6,6,10,16,16,16,17,17,17,17,17,17,18
2323:0,0,0,0,9,9,9
2324:10
2325:0,0,0
2326:15
2327:15,15,15
2328:0,0
2329:4,4,4,7,10
2330:1,17
2331:17
2332:16
2333:1,3,15,15,15,15,15,15
2334:13,13
2335:10,12
2336:16,16
2337:0,0
2338:1,15
2339:15
2340:0,0,9,9,9,18,18,18,18
2341:5,5,5,15,15,15,15,17,17
2342:1,1,1,15,15,15,15,15,18,18,18
2343:1,1,3,7,9,14,14,15,15
2344:6,6
2345:6,6,6,9,13,16,16,16,16,16,16,16,16,16,16,16,17,17,17,17,17,17,17,17,17,17,17,17,18
2346:17,17
2347:15
2348:0,0,8,8,8,9,9,9
2349:10,12,12
2350:10,10,15
2351:1,1,1,1,1,6,8,8,11,15,15,15,15,15,15,15,15,15,15,15
2352:0,9
2353:0,0,0,9,9
2354:0,0,2,2,2,9
2355:0
2356:10
2357:9,15
2358:15
2359:14
2360:6,16,16,17,17
2361:1
2362:1,6
2363:17
2364:5,5,6,16,16,17,17,17,17,18,18
2365:0,0,0,1,6,6,8,8,8,9,9,10,10,10,10,10,10,10,10,10,11,17
2366:9,9,12
2367:0,0,0,8,8,8,8,8,9,12
2368:5,10,17,17
2369:6,16,16,16,16
2370:9
2371:4,7,11,12,14
2372:9,9,9
2373:0,15
2374:9,9,9
2375:1,8,8,8,8,8,8,8,8,8,8,15,15,15,15
2376:6,6,6,6,6,6,7,7,7,7,10,10,10,10,10,11,11,12,14,16,16,17,17,17,18
2377:11,12,12,12
2378:10,15
2379:6,7,17,18
2380:0,0,0
2381:7,14
2382:5,13,16,16,17,17
2383:4,4,10,10,10,10,10,10,11,12,12
2384:0,0,0,0,8,9,9,9,9,9
2385:10,10
2386:15
2387:6,6,6
2388:15
2389:1,5,5,6,16,16,16,17,17,17,17,17,17,17,17,17
2390:1,6,12,12,12
2391:9,9,9
2392:10,10
2393:0,0,9,18
2394:1,15
2395:0,9
2396:6,6,16,16
2397:15
2398:7
2399:10
2400:0,9
2401:8,8,8,8,8,8,8,8,8,8,10,11
2402:15,15,15
2403:17
2404:17
2405:0,0,0,9,9
2406:16
2407:1,1,7,11,11,17,17
2408:1,1,15,15,15,17
2409:6,17
2410:5,6,17,17,17,18
2411:1,6,6,13
2412:3,8,15,15,15,15,15,15,15,15,18
2413:15
2414:0,0
2415:0,1,6,13,16,18
2416:10,10,16,16
2417:6,17
2418:15,15,15,15,15,15,15,15,15
2419:7,8,10
2420:0,0,0
2421:16,17,17,17
2422:0,0,0,0,5,9,9,9,9,9,9,13
2423:16,17,17
2424:0,8,8,8,8,8,9,9,9,9,9,9,17
2425:0,0,0,0,0,0,8,8,8,8,9,9
2426:15,15
2427:5,6,6,16,16
2428:0,0,0,0,0,0,0,9
2429:0,0
2430:0,0
2431:1,4,8,8,9,9,9,10,14,14,15
2432:6
2433:11
2434:15
2435:3,5,6,13,15,15,17,17
2436:10
2437:0
2438:15
2439:0,8,9,9,17
2440:15
2441:7
2442:6,16
2443:1,15
2444:15,18
2445:1,1,2,10,15,15,17,18,18,18,18,18,18,18
2446:10
2447:10,10
2448:15
2449:16,16,16,16,17,17,18
2450:3,15
2451:0
2452:1,5,5,5,6,6,6,6,6,6,6,6,16,16,16,16,16,16,16,17,17,17,17,17,17,17,17,17,17,18
2453:16,17
2454:9
2455:6,17
2456:16,17,17
2457:11,15,15,18
2458:1,1,6,6,6,6,13,16,16,16,17,17
2459:0,0
2460:7
2461:0,8,8,8,9
2462:6,16
2463:1,4
2464:15,15
2465:6,6,15,16,16,16,16,17,17,17,17
2466:0,0
2467:5,5,6,6,6,6,6,13,13,13,13,16,16,16,16,16,17,17,17,17,17,17,17
2468:0
2469:15
2470:17
2471:9,9,15
2472:15
2473:9,9,17
2474:15
2475:1,1
2476:6,6,16,16,17,17,17,17,18,18
2477:10
2478:17
2479:0,0,9,9,9,9
2480:0,0,0,0,9,9
2481:2,9,9
2482:6,16,16,17
2483:7
2484:10
2485:6
2486:6
2487:6,17
2488:2,2,8,8,8,10,15,15,18,18,18,18
2489:7,7,8
2490:1,17,17
2491:0,0,0,0,11,18
2492:9,9
2493:6,6,13,13,13,13,13,13,13,17,17
2494:15
2495:0,0,0
2496:15
2497:10
2498:0,0
2499:9,9,9
2500:1,1,6,17
2501:1,1,1,1,1,15,15
2502:9,9
2503:9
2504:6,6,15
2505:15
2506:8,10
2507:17
2508:15
2509:0,0,9,15
2510:8,9,10,15
2511:9,9
2512:1,15
2513:10,12
2514:15
2515:0,10
2516:10,11
2517:0,0
2518:9,9
2519:17
2520:6,16,17,17,18,18
2521:6,17
2522:0,0,9,9
2523:15
2524:1,15,18
2525:6
2526:0,1,2,4,7,7,8,8,8
2527:10,10,14
2528:1,15
2529:6,6,16
2530:7,12
2531:0,6,9,9
2532:1,6,12,12,16,16,17,17,18
2533:0,0,1,15,15,18
2534:6,16,16,16,16,17,17,17,18,18
2535:6,7,16
2536:15
2537:16
2538:17
2539:0,9,9
2540:9,9
2541:16,17
2542:6,7,7,8
2543:15,15
2544:17
2545:17
2546:0,0,9,9
2547:0,0,0,9
2548:6,16,16,16,17
2549:1,1,1,1,9
2550:16
2551:0,0
2552:17
2553:9,9
2554:15,15,15
2555:9
2556:15
2557:4,8,10
2558:0
2559:16,17
2560:15
2561:0,0,9,9,9
2562:15,15,15,15,15,15
2563:0,0,0,0,0,0,0,9,9,9,9,9
2564:0,0,0,8,8,9,9,9,9,9,9,9,10,10,10,10,12,12,15,15
2565:4,4,9,9
2566:4,4,8,8,10,12,12
2567:15
2568:0,2
2569:0,1,3,3,10,15,15,15,18
2570:1,6
2571:6,11
2572:7
2573:1,15,18,18
2574:10,10,10,15
2575:6,16,17,17,17
2576:15
2577:9
2578:10
2579:1,5,6,6,6,6,13,16,16,17
2580:15
2581:10,10,10,10
2582:10
2583:7,7
2584:6,6,10,16,16,17,17,17,18
2585:16,16,17
2586:0,8,9,9,9,9
2587:17
2588:10,18
2589:15
2590:16
2591:0,0,9,9,9,9,9,9
2592:0,9
2593:1,11,15
2594:1,17
2595:10,14,14,15
2596:0,0,0,8,9
2597:16,17,17,17
2598:0
2599:1,3,3,3,3,15,15,15,15
2600:16,16,17
2601:0,9
2602:1,1,3,3,3,15,15,15,15,15,15,15,15,15,15
2603:4,4,4,4,4,8,8,10,10,10,11,11,11,11,11,11,12,12
2604:15
2605:7,7,11,11
2606:15
2607:0,0,0,0,0,9
2608:4,4,8,8,8,8,8
2609:0,5,6,16,16,16,17,17
2610:15,15
2611:15
2612:0
2613:0,0,9,9,9,9,9,9
2614:10,10,14,17
2615:9
2616:15
2617:0,9,9
2618:7,7,8,10,10,10,10,14,18
2619:3,18
2620:15,15
2621:17
2622:10
2623:15
2624:5,5,10,16,16,16,17,17,17,17
2625:0,1,15,16,18,18
2626:0,9,15
2627:0
2628:6,17,17
2629:17
2630:7,7,14,14
2631:9
2632:17
2633:7,10,10,10
2634:15
2635:1,1,1,6,15,15,15,15,15,15,15,15,15,15,15,15,15,15,15,15,15,16,17,17
2636:6,13,16
2637:15,17,18
2638:17
2639:9,9
2640:0,0,0
2641:5,6,6,6,10,15,15,16,16,16,16,17,17,17,17,18,18,18,18,18
2642:6,17
2643:9
2644:17
2645:1,3,9,11,15,15
2646:15
2647:0,0,9
2648:0,8
2649:0,9,9
2650:7,10
2651:0,15
2652:7,10
2653:16,16,16,17
2654:0,1,9,15
2655:7
2656:9,9
2657:4,4,8,8,8,8,9
2658:15
2659:1,1,1,5,5,6,6,6,15,16,17,17,17,17,17,17,17
2660:6,17
2661:17
2662:17,17
2663:16
2664:6,17
2665:0,9
2666:0,8,8,8,11,14,14,14
2667:0,9,9,9,9,15,15,15
2668:0,9
2669:16,17,17
2670:9,9
2671:1,1,1,2,6,6,7,8,8,10,10,14,18
2672:8,8,9
2673:1,1,15
2674:13,13,13,16,16,16,16,16,17,17,17,17
2675:1,1,12,15,15,15,15,15
2676:17
2677:6,6
2678:6,6,16,17
2679:3,3,3,15,15
2680:15
2681:1,1,3,3,6,10,10,10,10,10,14,17
2682:9,9
2683:0,0
2684:0,9,9
2685:6,13
2686:16
2687:15
2688:1,7,7,7,8,8,10,10,10,10,10,10
2689:6,16,17,17,18
2690:1,12,15,17,18,18,19
2691:0,9
2692:7,11,14
2693:9,9
2694:1,1,1,1,1,4,5,5,5,6,6,6,6,6,6,6,6,6,6,6,6,6,6,6,7,7,7,7,10,10,11,11,11,11,11,11,11,11,11,14,15,16,16,16,16,16,16,16,16,17,17,17,17,17,17,17,17,17,17,17,17,17,17,17,17,17,17
2695:0,0,0,4,8,8,8,8,8,8,8,8,8,8,8,8,8,9,9,9
2696:6,6,16,17
2697:9,9,9
2698:15
2699:0,0,9
2700:0,0,9,9
2701:1,6,6,10,11
2702:1,1,15,15
2703:1,1,3,3,4,7,8,8,8,8,8,8,10,12,14,15,15,15,15,18
2704:1,1,1,5,6,6,13,16,17,17
2705:17
2706:1,3,3,15,15,15,15
2707:17
2708:1,5,5,6,6,6,6,7,11,14,16
2709:1,16,16,17
2710:15
2711:15
2712:12,14
2713:15
2714:17
2715:6,6,13,17
2716:0,1,1,5,5,6,6,17,17,17,17,17,17,18
2717:17
2718:4,10,18
2719:0,0,1,1,8,15,15
2720:1,5,6,6,16,17
2721:17
2722:10,17
2723:15
2724:6,16,17
2725:15,17
2726:17
2727:0,0,0,0,0,0,4,8,8,8,8,8,8,8,8,8,8,8,8,8,8,9,9,9
2728:4,4,4,8,8,8,9
2729:13,16,16,16,17,17
2730:16,16,16
2731:8,15
2732:15
2733:17
2734:9,9
2735:0,0
2736:17
2737:1,1,6
2738:1,1,4,6,6,6,7,9,9,9,10,10,10,10,11,11,11,11,11,11,11,12,12,15,16,17
2739:0,0,9
2740:16
2741:0,0
2742:1
2743:7
2744:16,16,17
2745:9,9
2746:9
2747:6,17,17
2748:7
2749:0,0,9
2750:11,11,11
2751:15,15
2752:6,16,16,17,17
2753:3,3,10,15,18
2754:1,15,15,15,15
2755:1,13,13,16,17,17
2756:10
2757:0
2758:0,0,5,9,9,9,9,9,9,9,18,18,18,18,18,18,18,18,18
2759:0,2,9,9
2760:0,0,9,9
2761:10,10
2762:0,9,9,9,9,16
2763:6,7,9,9,10,10,11,11,12,12,12,12
2764:3,3,3
2765:7,7,7
2766:7,7,10,15,18,18,19
2767:17
2768:15
2769:9
2770:6,6,6,6,16,16,17,17
2771:6,6
2772:6
2773:1,6,6,6,16,17
2774:1,1,1,6,6,8,8,10,10,17,18,18,18
2775:1,8,9
2776:0,9
2777:10
2778:15,15
2779:9
2780:17
2781:17
2782:5,5,5,5,6,6,6,6,6,6,6,6,6,13,13,13,13,16,16,16,16,16,16
2783:0,7,9,9
2784:0,8
2785:15,15
2786:17
2787:1
2788:6
2789:6
2790:15
2791:10
2792:0,8,8,9
2793:3,15
2794:9,15
2795:7,7
2796:5,13,16,16,17
2797:2,13,14,16
2798:15
2799:0,9,13,13,16,16,16,16,16,16
2800:11,12
2801:0,5,5,13,13,13,13,14,16
2802:1,1,6,6,6,6,6,6,13,13,13,13,13,13,13,13,13,16,16,16,16,16,16,16,17,17,17,17,17,17,17,17,17,17,17,18,18
2803:1,6,9,9,13,13,13,13,13,13,16,16,16,17,17,17,17
2804:9,9
2805:0,0,8,9
2806:0,0,0,9
2807:6,6
2808:9
2809:6,6,16,16,16,17
2810:17
2811:10
2812:4,7,7,12,12,14
2813:15,18
2814:5,6,13,13,16,16,16,17,17
2815:0,0,9
2816:5,5,6,6,6,6,16,17,17
2817:0,0,4,8,9,9,10
2818:13,13,13,13,13,13,13,13,13,13,13,13,13,13,13,13,13,13,13,13,13,13,13,13,13,13,16,16,16,17,17
2819:1,15,15,18
2820:7,10,10,12,14,14,16
2821:15
2822:0,0,9
2823:7,15
2824:10,10,10,13,18,18
2825:10
2826:17
2827:16,17
2828:9,9
2829:15
2830:6,17
2831:0,8,8,9,9,10,12,15
2832:15
2833:10,10
2834:0,0,0,0,0,0,0,0,9,9,9,9,9,15,15,15,15,15
2835:1,1,1,6,15,15,15,15,15
2836:0,9
2837:15
2838:9,16,17
2839:7,15,15,15
2840:15
2841:0,0,9,9,9
2842:1,7,7,11,11,12,12
2843:0
2844:0,1,15
2845:17
2846:16
2847:9,15
2848:9,9,9,9
2849:0
2850:1,5,5,5,6,6,6,6,16,17
2851:2,9
2852:6,6,6,16,16,16,16,16,16,17,17,17
2853:9,12
2854:6
2855:15
2856:0,15,15
2857:6,6,7,7,10,10,11,11,11,11,11,16,17
2858:0
2859:0,9
2860:15
2861:1
2862:6,11,16
2863:6,6,6,6,6,6,16,16,17,17
2864:0,0,0,0,9,9,9
2865:1,15,15,17,17
2866:3,3,3,15,15,15
2867:1
2868:1,6,17
2869:10,16,16
2870:6,6,16
2871:1,6,6,18
2872:1,6,12,13,13,13,13,13,13,13,13,13,13,13,13,13,13,13,13,16,16,16,16,17,17
2873:14
2874:1,1,5,6,7,7,11,11,11,11,11,11,11,11,11,11,11,11,16,16,16,16,17,17,17
2875:15,15,15,15,15
2876:9
2877:0,1,1,3,4,7,7,10,11,15,15,18
2878:16,17,17
2879:0,0,0,4,4,4,7,7,7,8,8,8,9
2880:15,15,15,15,15
2881:10,14
2882:0,9
2883:15
2884:15
2885:16,16,17,17,17,17
2886:4,7,7,7,11,11,11,11,11,14
2887:9
2888:0,0
2889:15
2890:16
2891:0,4,8,8,8,8,8,9,9,9,9,9
2892:6
2893:0,9
2894:0,0,9,9
2895:1,6,6,6,16,16,16
2896:16,16,17
2897:9
2898:0,0,0,0,9,9,9,9
2899:15
2900:10,10,14,18
2901:5,16,16,17,17,17,17,17,17
2902:9
2903:15
2904:15,15,15
2905:15
2906:16,16,17
2907:6,16,17
2908:7,7,10
2909:6,6
2910:9,9
2911:0,0,9
2912:17
2913:1
2914:0,0
2915:6
2916:6,6,13,13,13,13,16,16,16,16,17,17
2917:5,6,16,17,17
2918:16
2919:0,0
2920:17,17
2921:10
2922:0,0,0,0,0,0,0,0,0,0,0,0,0,0,0,0,0,0,0,0,0,0,0,0,0,0,8,8,8,9,9,9,9,9,9,9,9,9,9,9,9,9,9
2923:17
2924:11,12,12,13
2925:16,17,17
2926:10,17,18
2927:17
2928:15,15
2929:15
2930:5,9
2931:15
2932:6
2933:2,6,9,9,9,9,9
2934:0
2935:15
2936:5,13,13,13,13,13,13,13,13,13,16,16,16
2937:10,10
2938:0,0,9,9,15,15,15
2939:7,7
2940:10,10
2941:7,11
2942:1,13,13,13,13,13
2943:9,9
2944:6,10,11,14
2945:0,9,9,9,9
2946:17
2947:1,1,1
2948:6,7,7,11,11
2949:0,9
2950:0,0,1,1,1,1,1,1,1,1,2,5,5,5,6,6,6,6,6,6,6,6,6,6,6,6,6,6,6,6,6,6,6,6,6,6,6,6,6,6,6,6,6,6,6,6,6,6,7,7,7,7,7,7,7,7,7,7,7,7,7,7,7,7,9,9,10,10,10,10,10,10,10,10,10,10,10,10,10,10,10,10,10,10,10,10,10,10,10,10,10,10,10,10,10,10,10,11,11,11,11,11,11,11,11,12,12,12,12,12,14,14,14,14,14,14,14,14,14,14,15,16,16,16,16,16,16,16,16,16,16,16,16,16,16,16,16,16,16,16,16,16,16,16,16,16,16,17,17,17,17,17,17,17,17,17,17,17,17,17,17,17,17,17,17,17,17,17
2951:6,13,13,13,16,16,16,16,16
2952:15,18
2953:15
2954:15
2955:1,6,6,6,6,6,6,6,6,6,15,16,16,16,16,16,16,16,16,16,17,17,17,17,17,17,17,18,18
2956:0,0,4,4,7,7,7,8,8,9,9,9,9,10,11,11,11,11,11,11,11,11,11,11,11,11,11,12,12,12,18
2957:5,6,15
2958:15
2959:10
2960:15
2961:15
2962:16,17
2963:17
2964:0,10,18
2965:6,6,6,16,16,16,16,16,16,17,17
2966:17
2967:5,5,6,6,16,16,17,17,17,17,17,17,17,17
2968:10
2969:7,7,8,8
2970:1,1,6,6,6,17,17,17,17,18
2971:9
2972:9
2973:9,9,9
2974:9,9
2975:10
2976:7,14
2977:0,0
2978:10
2979:10,11,14
2980:1,6
2981:10,10,13
2982:11,14,14
2983:6,16,16,16,16,16,17
2984:8,8,10,14
2985:0,0,9
2986:6,16,17
2987:6,17
2988:0,6,9,17
2989:7,11,11
2990:15
2991:16
2992:16,17,17,17,17
2993:7,12
2994:15
2995:9,9
2996:9
2997:6,10,10,10,11,11,11,11,11,11,11,12,12,17,17
2998:9,9
2999:0,9,9
3000:13,16
3001:0,0
3002:0,1,15,15,15,16
3003:15
3004:6,6,17
3005:15
3006:6,17
3007:0,15
3008:6
3009:0,9,11
3010:17,17
3011:7,10,12
3012:6,13,16,16,16,17,17,17,17
3013:9,9
3014:0,0,0,0,9,9,9,9,9,9,9,11
3015:10,13,14,14
3016:3,3,3,15
3017:15
3018:15
3019:0,10,15
3020:1,7,7,7,7,7,7,7,7,7,10,15,15,15,15,18,18,18,18
3021:5,7,7,10,10,10,12,14,16,16
3022:1,1,5,16,16
3023:0,0,9,9,9,9,9
3024:1,16,16
3025:1,1,2,5,5,5,5,6,6,6,6,6,6,6,7,7,7,7,7,8,10,10,10,10,10,10,11,12,13,13,13,13,14,14,16,16,16,16,16,16,17,17,17,17,17,17
3026:10,11
3027:15
3028:1,1,1,1,2,6,6,6,6,6,6,10,10,10,10,10,10,10,10,10,10,10,10,10,10,11,11,14,16,16,17,17,17
3029:16,17
3030:12,14
3031:15,15
3032:1,6,10,10,10,10,11,18
3033:15
3034:0,6,8,8,9,9,10,16
3035:9,9,9,9,9
3036:1,6,17
3037:15,15
3038:9
3039:0,0,0,9,9
3040:17
3041:0,0,9
3042:1,1,1,3,15,15,15,15,15,15,15,15,15
3043:15
3044:0,0,1,1,1,3,7,7,7,8,8,10,10,11,11,11,11,12,15,15,15,15,15,15,16,17,18,18,18,18,18,18,18,18,18,19,19
3045:6,16,16,16,16,16,16,16,17,17,17
3046:15,15
3047:15
3048:1,1,5,5,5,6,6,6,6,6,6,6,6,6,6,6,9,13,15,15,16,16,16,16,16,16,16,16,16,16,16,16,16,17,17,17,17,17,17,17,17,17
3049:16
3050:15
3051:0,10
3052:0,0,9
3053:15
3054:0,8,8,8,8
3055:5,6,6,7,7,11,12,14,16
3056:15
3057:9
3058:0
3059:10,15,18,18
3060:10
3061:6,6,17
3062:6,6,6,6,6,10,10,13,13,13,16,16,16,16,17,17,17,17,17,17
3063:6,6,6,16,18
3064:15
3065:6,6
3066:0,9,9
3067:6,6,6,16,16,17,17,17
3068:1,1,1,15,15
3069:15
3070:12,12,12
3071:1,2,7,12,14,15,18
3072:9
3073:1,1,2,6
3074:16,17,17
3075:7,10,10,12,14,17
3076:15
3077:15
3078:6,7,9,13,15,15,18
3079:15
3080:15
3081:5,5,6,6,6,6,6,6,16,17,17,17
3082:15,15,15,15,15,15,15
3083:1,7
3084:0,0,0,9,9
3085:17
3086:6,13,16,18
3087:15
3088:15
3089:1,1,1,6,6,6,6,6,6,16,17,17,17,17,17,17
3090:15
3091:0,0,9
3092:3,15
3093:5,5,17
3094:16
3095:1,5,13,13,13,17,17,17
3096:0,2,9
3097:6,6
3098:17
3099:1,15,18
3100:16,16,17
3101:1,6,6,6,6,16,17,17,17
3102:2,2,2,14,15,15,15,15,15,15,15
3103:17
3104:5,6,16,17,17
3105:1,5,6,13,13,15,17,18
3106:6,17
3107:0,0,0,0,9,18
3108:0,0,0,0,0,0,0,0,0,0,0,0,0,0,0,9,9,9,9,9,9,9,9,9,9
3109:1
3110:1,6,6,16,16,16,16
3111:10
3112:9,9,13,13
3113:15
3114:1,1,7
3115:15,18,18
3116:15,15
3117:16,17
3118:6,6,7,17
3119:17
3120:0,0,0,0,0,0,0,0,0,0,0,8,9,9,9,9,9,9,9,9,9,9,9,9,9,9,9,9,9,9,9
3121:9,9,10,12,15,15
3122:15
3123:15
3124:1,7,7,11,11,11,15,18,18
3125:10
3126:10
3127:3,3,15
3128:15
3129:1,10
3130:1,15,15,15,15,15,15,15,15
3131:15
3132:17
3133:15
3134:15
3135:5,17
3136:7
3137:0,0,1,9,9,10,18
3138:0,8,8,8,8,9,9,10,15
3139:17
3140:6,6,10,14,17
3141:9
3142:0,0,0,0,0,0,0,4,4,4,4,4,7,7,7,7,7,8,8,9,9,9,11,11,11,11,11,11,11,14
3143:4,10,10,12
3144:6,16
3145:9,9
3146:7,14
3147:15
3148:13,17
3149:9,9
3150:0,0,9,9
3151:15
3152:1,5,5,6,17
3153:0
3154:16,16
3155:10,10
3156:1,13
3157:0,9
3158:5,5,10,16
3159:16,17
3160:7,7
3161:15,15
3162:1,7,10,10,11,18,18,18,18
3163:1,5,5,5,6,6,6,6,6,6,16,16
3164:6,6,16,16,16,17
3165:2,4,7,8,8,8,10,10,10
3166:15
3167:6,16,16
3168:6,6
3169:1,7,7,7,10,10,15,15,15,15,15,15,18,18
3170:7,8,15,15
3171:6,6,6,17
3172:6
3173:8,9
3174:15
3175:6
3176:6,17
3177:15,15
3178:0
3179:0,9
3180:0,0,0,0,0,2,2,2,2,2,8,9,9,9,9,9,9
3181:8,8,8,10
3182:8,8,9,10
3183:0,0,9,9
3184:16,16,17
3185:15,15
3186:0,0,9,9,9,9
3187:4,8,8,8,8,8,9,9,9,9
3188:0
3189:6,6,6,6,6,6,6,6,6,6,13,13,13,13,13,13,13,13,13,14,16,16,16,16,16,16,16,16,17,17,17,17,17,17,17,17,17,17,17,17,18
3190:1,1,1,6,6,13,16,16,16,17,17,17,17,17,17,17,17,17
3191:0,0,9,9,10,10,10,10,10,12,14,18
3192:0,0,9,9
3193:10,14
3194:10
3195:1,9,15,15,15,18
3196:0,9,9,9
3197:1,1,3,10,15,15,15,15,15,15,15,15,15,15,15,15,15,18,18,18
3198:15
3199:0,0,0,9
3200:15,18
3201:1,1,1,1,1,6,6,15,17
3202:15
3203:0,0,0,0,0,0,0,2,2,9,9,9,9,9
3204:0,9,9,9,9,9,9,9,15
3205:0,0,0,0,9,9
3206:15
3207:7,7,10,10,11,14,17,17
3208:10,15
3209:0,0,9
3210:15
3211:16,16
3212:7
3213:0,0,0,9
3214:0
3215:9
3216:6
3217:10,10
3218:1,4,7,8,15,15,15,15,15,15,15,15,15,15,15,15
3219:17
3220:9
3221:1,15,15
3222:6,16,17
3223:10,10,12
3224:15,15,15
3225:0,0,0,9
3226:15
3227:7,14
3228:0,6,8,9,9,9,9,10,10,10,15
3229:1,10,11
3230:1,6
3231:10,10,10
3232:10,10,11,17
3233:16,17,17
3234:1,5,10
3235:10,10,18,18
3236:13,16,16
3237:0,9
3238:6
3239:7,7,11,12
3240:0,9,9,9
3241:15
3242:5,6,6,16,16,17,17,17
3243:15
3244:9
3245:1
3246:17
3247:10
3248:7,11,11
3249:1,5,6,6,6,13,13,15,16,16,17,17,17,17,18
3250:15,15,15
3251:9,9
3252:0,0
3253:0,0,0,0,0,0,0,0,0,0,0,0,0,0,0,0,0,0,9,9,9,9,9,9,9,9,9,9,9,9,9,9
3254:1,1,5,5,6,13,13,14,17
3255:10,10
3256:6,6,16,16,16,16,16,16,16,17,17,17,18
3257:5,6,6,16,17,17,17
3258:15
3259:1,7,8,10,10,10,14
3260:16,17,17,17
3261:0,16,16
3262:3,4,4,15,15,15,15
3263:16,17,17
3264:6,6,16,16,17,18,18,18,18
3265:5,16,17
3266:2,8,9
3267:1,14,17
3268:17
3269:1,1
3270:0
3271:6,16,17,17
3272:4,4,8,9
3273:10
3274:16
3275:13,13,17
3276:15
3277:1,6,13,16,17,17,17,17
3278:1,3,3,3,15
3279:10
3280:15
3281:0,0,9
3282:15
3283:6,16,17
3284:17
3285:0,0
3286:0,0,0,0,0,0,0,0,0,9
3287:17
3288:10
3289:1,17,17
3290:16,16,18,18,18
3291:1,5,6,6,6,6,6,11,16,16,16,16,17,17,17,17,17,17,17,17,18,18,18,18
3292:15
3293:13,13,13,13,13,13,13,13,17,18
3294:6,16,18
3295:17
3296:6,6,16,17
3297:6,6,6,7,7,14,15
3298:1,1,6,15,16,17,18
3299:17
3300:3,7,9,15,15,15,18
3301:5,6,7,10,11
3302:6,6,12,16,16,17,18
3303:10
3304:10
3305:16,16,16
3306:10
3307:15
3308:3,15
3309:4,4,8,10,10,10,10,12,12,12,15
3310:0,7,9,14,14
3311:16
3312:6,17
3313:3,3
3314:16,17
3315:5,5,16
3316:16
3317:15
3318:10
3319:6,15
3320:0
3321:0,6,7,7,7,7,10,14
3322:9,9
3323:1,15
3324:16,17
3325:9
3326:1,6,16
3327:6,6,6,6,16,17,17,18
3328:15,15
3329:10,12,12
3330:9,9
3331:7,7
3332:16
3333:9
3334:1,15,15
3335:5,6,6,6,13,13,13,16,16,17
3336:0,8,8,8,9
3337:10
3338:1,1,5,14
3339:3,9,15,15,15,15,15,15,15,15,18
3340:0,0,0,0,0,0,0,0,0,0,9,9,9,9,9,9,9,9
3341:11,15
3342:10,11,11
3343:9,9,17,17
3344:5,5,6,6,6,6,16,16,17,17,17,17
3345:17
3346:16,16
3347:6,16
3348:17
3349:15
3350:1,1,1,7,11,11,15,15,19
3351:15
3352:13,13,13,13,13,13,13,13,13,13,16,17,17
3353:9
3354:9
3355:0,0,0,0,0,6,6,9,9,9,13,13,13,13,13,13,13,16,17
3356:3,15,15
3357:1,5,6
3358:5,6
3359:1,16,17,17
3360:2,8,8,8,8,8,10,10,10,11,15,15,15
3361:17
3362:1,1,1,1,1,1,1,1,2,4,5,5,5,5,5,6,6,6,6,6,6,6,6,6,6,6,6,6,6,6,6,6,7,7,7,7,7,7,8,10,10,10,10,10,10,10,10,10,10,10,10,10,10,10,10,10,10,10,10,10,10,10,10,10,11,11,11,11,11,12,12,12,13,13,13,13,14,14,14,14,14,14,16,16,16,16,16,16,16,16,16,16,16,16,16,16,16,16,16,16,16,17,17,17,17,17,17,17,17,17,17,17,17,17,17,17,17,17,17,17,17,17,17,17,17,17,18,18
3363:0,0,8,8,8,8,8,8,8,8,9,9,10
3364:15
3365:1,1,6,6,6,6,6,6,6,6,6,6,6,11,11,11,11,11,11,14,15,16,16,16,17,17,17,18,18
3366:10
3367:15,15
3368:0,0,9,9,9,9,9
3369:0,6,6,6,9,15,16
3370:1,15
3371:17
3372:15,15,15,15,15
3373:5,6,6,6,17
3374:16,16
3375:0,0,9
3376:0,0,16,17,17,17
3377:15
3378:0
3379:6,13,13,16,16,17,17,17,17,17
3380:5,6
3381:0,0,0,0,0,0,4,9,9,9,9,9,9,9,9,9,9,9,9,9,18
3382:0,0,0,0,0,0,0,0,0,4,9,9,9,9,9,9
3383:0,0,8,8,9
3384:13,13,13,13
3385:10,14,15
3386:17
3387:0,9,9,9,9,15,15,15
3388:1,7
3389:9
3390:6,13
3391:0,9,9,9,9
3392:15
3393:8,9,9
3394:6,6,6,10,10,12,14,16,17
3395:15,15
3396:15,15,17,17
3397:17,17
3398:15
3399:15
3400:11,15
3401:0,9
3402:0,7,11,14
3403:17
3404:6
3405:6,16
3406:0,0,0,0,0,0,0,0,9,9,9,9,9,9,9,9,9,9
3407:7,10
3408:1,15
3409:15
3410:15,16,16,17
3411:1,6
3412:0,0,0,0,9,9
3413:0,9
3414:6
3415:17
3416:0,0,4,8,8,8,10,10,10,14,14
3417:1,15
3418:0,8,8,9,9
3419:16,16,16,16
3420:15
3421:1,15
3422:15
3423:15
3424:15,15,15
3425:9
3426:5,6,6,16,16
3427:1,3,6,15,17,18
3428:0,0
3429:0,0,9
3430:17
3431:15
3432:0,9
3433:17
3434:9,9,9,9,9,9,9
3435:15
3436:16,17,17
3437:16,17
3438:6,17
3439:6,6,6,6,6,6,6,6,10,10,13,13,13,16,16,16,16,16,16,16,16,17,17,17,17,17
3440:15
3441:1,1,5,6,6,16,17,17,17
3442:6,6,6,16,16
3443:0,7
3444:4,9
3445:16
3446:0,9,9
3447:13,13,13
3448:6,16,17,17,17,17
3449:15
3450:15
3451:10
3452:6,7,10,10,12,16,16,17,17,17
3453:0,0,9
3454:6,6,13,13,16,16,16,17,17
3455:10
3456:1,1,1,1,15,15,15,15
3457:0,0,1,1,1,1,1,1,1,1,1,1,1,1,1,1,1,1,3,3,3,5,5,6,8,15,15,15,15,15,15,15,15,15,15,15,15,15,15,15,15,15,15,15,15,15,15,15,15,15,15,15,15,15,15,15,15,15,15,15,15,15,15,15,15,15,15,15,15,15,15,15,15,15,15,15,15,15,15,15,15,15,15,15,15,15,15,16,17,17
3458:9,12,15
3459:0,9
3460:6,6,7,16
3461:17
3462:10
3463:15
3464:0,0,0,4,4,8,9
3465:1,1,5,5,5
3466:6,6
3467:6,16
3468:7,11,12,16
3469:13,17
3470:10
3471:17,17,17
3472:0,1,7,10,10,18,18,18,18,18
3473:0,2,2,2,9,12
3474:7,7,10,10,10,10,10,10,16
3475:6,16,17
3476:6,6,7
3477:9,15
3478:0,9
3479:10
3480:15
3481:15,18,18
3482:0,0,17
3483:13,17
3484:1,6,6,6,13
3485:0,9,9,9,9
3486:1,15,15,15
3487:6
3488:0,9
3489:6,6,10,13,13,13,16,16,17,17
3490:1,5,6,6,6,6,16,17,17,17
3491:17,17
3492:4,7,7,7,10,14,14
3493:9
3494:1,1,15,15
3495:15
3496:17
3497:16,17
3498:0,2,2,2,2,2,2,2,2,2,2,8,8,8,9,9,9
3499:2,9
3500:6,6
3501:17
3502:16,17
3503:0,0,0,4,4,4,4,8,8,8,12
3504:0,0,0
3505:10,12,12
3506:0,0,0,0,0,0,0,0,0,0,6,9,9,9,9,9,9,9,9
3507:1,1,1,3,3,9,15,15
3508:6,6,17,17
3509:0,0,0,0,0,9,9,9,9
3510:0,0,9
3511:6,12,12,12,12
3512:17
3513:17
3514:16,17
3515:6,16,17,18
3516:17
3517:3,15
3518:10,14
3519:10,10,10,10,10
3520:1,1,3,15,15,15,15,15,15,15,15
3521:17
3522:0,0
3523:0,0,0,9
3524:0,0,9,9,9,9,9
3525:16,17
3526:16,17,17,17
3527:16,16,17
3528:0,0
3529:15
3530:10
3531:15
3532:10,17
3533:6,7,10,17,17
3534:0,0,0,0,0,0,8,8,8,8,8,8,8,8,8,8,8,8,8,9,9
3535:0,1
3536:10,18
3537:0,0,8,8,8,8,9,9,18
3538:8,9
3539:5,6,6,17,17
3540:1,5,5,6,6,6,6,6,6,6,6,6,6,6,10,10,13,13,13,13,13,13,16,16,16,16,16,16,16,16,16,16,16,16,16,16,16,16,16,16,16,16,16,17,17,17,17,17,17,17,17,17,17,17,17,17,17,17,17,17,17,17,17,18
3541:0
3542:3,15
3543:17
3544:6,15,16,16,16,16,17
3545:0,9
3546:7,14
3547:1,15
3548:15
3549:15
3550:2,2,2,2,2,9
3551:17,17
3552:9
3553:16,16
3554:15,15
3555:1
3556:17
3557:9
3558:10
3559:6
3560:17
3561:0,0,2,9,9,9
3562:10
3563:6,6,13,13,17
3564:15
3565:1,6,7,7,9,13,13,14,14,14,14,15,15,16,18,18,18,18
3566:1,1,1,1,1,7,13,13,16,16,16,17,17
3567:0,0,0,9
3568:15
3569:16
3570:17
3571:15,15
3572:11,11,11,14
3573:9
3574:15,15
3575:0,0,0,0,9
3576:0,7,15,15,18
3577:4,4,8,10
3578:1,15,15,15,15,15
3579:11,11,11,11
3580:9,15
3581:7,16
3582:9
3583:1,5,6,6,6,6,7,13,13,13,13,17,17,17
3584:16
3585:17
3586:9,9,17
3587:1,1,6
3588:10
3589:9
3590:15
3591:0,0,8,9
3592:0,0,0
3593:10,15
3594:6,6,6,7,11,11,16,17
3595:9
3596:1,18
3597:8,10,10
3598:9,9
3599:11,15
3600:6,17,17
3601:5,6,10,10,10,10,14,14,14,16,16,17
3602:6,17,17
3603:4,4,7,8,10,10,11,12
3604:7,7,7,7,7,11,11,12,12,12
3605:1,6,16,17
3606:15
3607:15
3608:9
3609:9
3610:16
3611:8,8,10
3612:17
3613:16,17,17
3614:0,0,0,9,9,18
3615:1,5,6,6,6,6,6,6,6,6,6,6,6,6,6,16,16,17,17,17,17,17,17,17,17,17,17,17,17
3616:6,16,16,16,16,17
3617:1,15
3618:7,7,7,7,14
3619:17,17
3620:15
3621:9,11,14
3622:0,9,9,9,9
3623:6,6,16,17
3624:15
3625:1,5,10,11,11
3626:17
3627:0,0,0,0,1,1,1,1,8,9
3628:16,16
3629:6,17
3630:16,17
3631:10,17
3632:6,6,6,10,13,16,17
3633:15
3634:1,1,10,16
3635:16,16,17,17
3636:15
3637:6,15
3638:0,0,4,4,4,4,4,7,7,7,7,7,7,7,7,8,8,8,8,8,8,8,9,9,9,9,9,10,10,10,10,10,11,11,12,12,12
3639:0,9,9,9,10,18
3640:16,16,17,17
3641:9,9
3642:6,17
3643:15
3644:0,0,0,0,1,9,10
3645:1,7,7,10,10,10,18
3646:0,0,9,9,9,10,15,15,15,18
3647:15
3648:9,9
3649:16
3650:1,7,7,7,7,15,18,18
3651:1,1,6,6,6,6,16,16,16,17,17
3652:10,16
3653:0,0,0
3654:1,1,1,1,7,9,10,12,15,15,15,15,15,15,15,15,15,15,15,15,15,16
3655:15,15
3656:17
3657:6,7,7,14,14,15,15,18,18
3658:17
3659:16,16,17,17
3660:6,6,6,6,16,16,16,16,17,17,17
3661:16,16,16,17,17,17,17
3662:6
3663:17,17
3664:15
3665:16,17
3666:3,3,3,3,15,15
3667:0,1
3668:0,9,9,9
3669:15
3670:0,9,12
3671:17
3672:13,13,13,13,17
3673:17
3674:15
3675:6
3676:0,0,0,4,8,9,9
3677:5,6,6,16,17,17
3678:17
3679:1,1,7,15,15,15,15,15,15,15
3680:1,6,9,10,15
3681:1,1,1,4,5,6,6,6,6,6,6,6,6,6,6,6,6,6,6,6,6,6,6,6,6,6,6,6,7,7,7,7,7,7,7,7,7,7,7,7,7,8,10,10,10,10,10,10,10,10,10,10,11,11,11,11,11,11,11,11,14,14,14,14,14,14,16,16,16,16,16,16,16,16,16,16,17,17,17,17,17,17,18
3682:0,0,6,7
3683:15
3684:10,10
3685:0,0
3686:5,13
3687:5,17,17,17,17
3688:6,6,7,10
3689:8,15
3690:6,17
3691:5,6,13,16,17,17,17,17
3692:10,11
3693:15
3694:6,10,12
3695:16
3696:7,7
3697:0,2,2,2,2,2,2,9
3698:7,11,11
3699:1,6,6,6,6,16
3700:1
3701:7,10,12
3702:15
3703:15
3704:0,9
3705:1,6,6,17
3706:0,15
3707:1,9,15
3708:0,9
3709:17
3710:15
3711:1,15,15
3712:7,7,7,11,12,12
3713:1,3,5,15,18
3714:0,3,7,9,9,9,9,9,17,18
3715:1,1,1,1,1,1,1,1,3,3,15,15,15,15,15,15,15,15,15,15,15,15,15,15,15,15,15
3716:7,7,10
3717:6
3718:10,10
3719:1
3720:9,9
3721:17
3722:5,17
3723:0,0,0,0,0,9,9,9,9,10,15,16,16
3724:0,0,9,9,9,9
3725:15
3726:7,11,11
3727:7,8,11
3728:15,15,15
3729:6,6
3730:15,15
3731:10,14
3732:15,18
3733:0,0,1,10,10,18
3734:17
3735:0,0,0,0,0,0,6,9
3736:7,11
3737:6,17
3738:6,6,16
3739:5,17
3740:11,11,12,12,15,15
3741:0,9
3742:6,10,14
3743:1,6,6,6,18
3744:0,0,9
3745:6,6,6,11,16,17,17
3746:4,8,8,9
3747:0,9
3748:0,10
3749:7,7,7
3750:7
3751:1,1,1,1,1,5,5,5,6,6,6,6,6,6,6,6,6,6,6,6,6,6,6,6,6,6,6,6,6,6,6,7,7,7,13,15,16,16,16,16,16,16,16,16,16,16,16,16,16,16,16,16,16,16,17,17,17,17,17,17,17,17,17,17,17,17,17,17,17
3752:15
3753:0
3754:6
3755:15
3756:8,9,9
3757:0,9
3758:6,17
3759:0,0
3760:1,1,7,7,10,16,16,16,16
3761:0
3762:10
3763:10
3764:0,0,0,8,9,9,15
3765:17,17,18
3766:1,1,1,8,8
3767:6,7,10,10,10,10,13,14,16,16,16,16,17
3768:3,15,15
3769:17
3770:10,14
3771:0,6,12,15,18
3772:7,7,7,14
3773:0,0,0,8,8,8,9,9,10
3774:9
3775:0,0,0,9,9
3776:6,16
3777:15
3778:10,10
3779:0,9,9,9
3780:15
3781:6,6,6,16,16,17
3782:15
3783:1,4,7,15,15,18
3784:15
3785:3,5,5,6,15,15,15,15,15,16,17,17,17,17
3786:15
3787:15
3788:1,7,9,15
3789:6,6,16
3790:17
3791:0,0,9,9
3792:1,6,6,6,16,17,17,17
3793:13,13,13,13,13,17
3794:0,8
3795:5,6,17
3796:0,9
3797:9,9
3798:10
3799:10
3800:1,3
3801:15,15,15,15,15
3802:9
3803:1,3,3,6,15,15,15
3804:15
3805:11,14
3806:1,6,6
3807:15,15
3808:13,13,16,17,17
3809:12,12
3810:15
3811:0,0,0,0,0,9,9,9
3812:0,0,9,9
3813:1,15,15,15,15,15,15,15
3814:6,16,17
3815:15,15
3816:0,0,0,9,9,9,9
3817:0,4,4,4,8,8,8,9,9,18
3818:7,11,11,11,11,11,11,12,12,12
3819:15
3820:15
3821:0,8,8
3822:3,3,3,15,15,15,15
3823:0,9
3824:15
3825:0
3826:0,2,2,2,2,2
3827:10,12
3828:7,8,8,8,8,8,8,8,8,8,8,8,8,8,8,8,8,8,8,9,15,15
3829:9
3830:9,9
3831:5,5,6,6,6,6,6,6,15,16,16,16,17,17,17,17,17,17,17,17,17,17,17,17,17,17,18
3832:0,9,9
3833:10
3834:15,17
3835:6,7
3836:6
3837:10,10,10
3838:0,6,6,9,13,13,13,13,13,16
3839:17
3840:1,1,6,16,17
3841:1,6,6,6,16,16,17
3842:0,0,1,2,6,7,7,8,9,12,15,15,15,15,15,15
3843:9
3844:10,10
3845:0,9,9,15,15,15,15
3846:6,16
3847:0,0,0,0,0,0,0,0,0,0,0,0,0,8,8,9,9,9
3848:8,10
3849:15
3850:15
3851:10
3852:0,4,9,9
3853:7,7,7,7,12,12,14
3854:5,6,7,10,14
3855:0,1,1,9,9,17
3856:0,9
3857:8,8,8,8,8,9,16
3858:15
3859:7,7,11
3860:15
3861:15
3862:15
3863:15
3864:15
3865:0,0,0,8
3866:5,6,6,6,16,16
3867:15
3868:15
3869:0,0,9,9,9,9
3870:13,13,13,13,17,17
3871:0,0,0
3872:10
3873:6,6
3874:0,0,0,0,0,0,0,0,0,0,1,9,9,9,9,9,9,9,9
3875:9,9
3876:6,17,17
3877:16,17
3878:16,17
3879:13,15,15,15,16,16,16,16,16,16,16,17,17,17,17,17,17
3880:15,15
3881:0,1,4,7,7,7,7,7,7,7,8,8,8,8,9,10,10,10,11,11,12,12,14,14,14,14,15,15,15
3882:5,16,16,17,17,17
3883:1,6,17
3884:10
3885:0,0,0,9,9,9
3886:5,6,16,16,17
3887:6,10
3888:7,10,13
3889:1,6,9,16,17
3890:15
3891:10,10
3892:3,15
3893:16
3894:13,16
3895:0,0,0,0,0,0,0,0,0,0,0,0,1,4,4,4,7,7,7,8,8,8,8,8,8,8,8,8,8,8,8,9,9,9,9,9,9,9,9,10,10,10,10,14
3896:15
3897:15
3898:9
3899:6,16,17
3900:0,10,10
3901:16,17,17,18
3902:7,10,11,12,12
3903:0,0,6,9,9,9,9,13,15,15,16,17
3904:1,6,6,10,16,16,17
3905:7,10,10,12,14,14,15
3906:14,15
3907:6,11,16,16
3908:10,16
3909:13,13,13,13,13,13,13,13,13,13,16,17
3910:6,6
3911:0,0,0,0,0,0,0,9,9,9,9,9,9,9,9,9,9,9,9,9,9,9,10,18
3912:0,9,10,12
3913:10,14,15
3914:17
3915:6
3916:7
3917:0,0,0,9,9,9,9,9,9,9,9
3918:7,7,10,10,10,12,12,12,14
3919:6
3920:6
3921:0,0
3922:15
3923:15,18
3924:0,1,4,4,4,7,8,8,8,8,10,10,10,16,18
3925:9
3926:0,0,1,9
3927:1,1,5,6,6,17,17,17,17
3928:1,1,1,5,6,6,6,6,15,15,16,17,17
3929:5,6,6,16,16,16,16,17
3930:9,9
3931:17
3932:5,5,5,6,6,15,15,16,18
3933:0,4,8
3934:1,3
3935:6,6,16,17
3936:10,14
3937:10
3938:17
3939:1,6,7,7,7,7,10,11,12,16,17
3940:15,15
3941:9,9,9
3942:15
3943:3,15,15,15,15,15,15,15,15,15
3944:6
3945:2,2,2,2,8,9,9,9
3946:15
3947:0,9
3948:6,7,10,10,10,12,12,12,12,13,13,14
3949:0,9,9
3950:0,0,0
3951:0,0,0,9,9,9,9,9,9,9,9,15
3952:15
3953:6
3954:15
3955:0,15,15,15,15
3956:2,2,2,2,2,9
3957:15
3958:9
3959:1,17
3960:1,16,16,16,17,17,17,17
3961:9,9,9
3962:15,18,18
3963:0,0,0,0,0,0,0,0,9,9
3964:9
3965:9
3966:15
3967:9,9
3968:5,16,17,17
3969:1,1,6,6,6,6,7,10,10,10,10,10,14,16,17,17,17
3970:15
3971:6,17,17
3972:6,11,16,16,16,17
3973:6,7,7,10,11,11,12,12,14,16,16
3974:6,7,7,10,10
3975:15
3976:9,10,11,17
3977:9,9
3978:9
3979:0,0,9,9,9
3980:1,1,1,15,15,18
3981:15
3982:5,6,6,6,7,7,7,10,10,11,11,11,11,14,14,14,16,17
3983:10,12
3984:16,17
3985:0,0,0,0,9,9,9,9,9,9,9
3986:10,10,10,17
3987:8,8,8,8,8,8,9,13
3988:15
3989:0,0,9,11,11,11,11,18,18
3990:0
3991:0,0
3992:8,10
3993:0,9,10
3994:17
3995:5,5,5,6,13,13,13,13,13,13,13,13,13,13,16,16,16,17,17,17,17,17,17,18
3996:0,2
3997:1,1
3998:1,7,10,10,14,14
3999:1,9,15,15
4000:1,1,5,6,7,10,11,11,16
4001:1,7,15,18,18
4002:10
4003:9,10,14,18
4004:1,10
4005:16,17
4006:6,16,16,16
4007:0,1,1,1,10,10,12,12,12,12
4008:5,6,17,17
4009:9,9,10,12,12
4010:0,9
4011:1,6,6,6,12,15,17,17,17,18,18,18,18,18
4012:5,16,16,16
4013:13,13,13,13,13,13,13,13,16,17,18
4014:15
4015:9,13,16
4016:7,7,10,10,10,15
4017:0,0
4018:0,9,16
4019:15
4020:1
4021:2,2,9,9,9,9
4022:10
4023:17
4024:0,8,8,8,8,8,15,15,15
4025:15,15
4026:6,16,16,17,17
4027:1,1,5,6,6,6,6,6,6,13,13,13,13,13,13,16,16,17,17,17,17,17,17,17,17,17
4028:0,9
4029:15
4030:16,17
4031:7,9,10,12,14
4032:0,15
4033:6,16,17,17
4034:5,5,5,5,6,6,6,6,6,6,6,6,6,13,16,16,16,16,16,16,16,17,17,17,17,17,17,17,17,17,17,17,17,17,17
4035:7,7,7,11
4036:9
4037:9
4038:16
4039:0
4040:15
4041:0,9
4042:3,3,3,3,3,3,15,15,15,15
4043:6,17,17
4044:10
4045:6,16,17,17,17
4046:0,0
4047:15
4048:10,10,10
4049:1
4050:15
4051:15
4052:0,9
4053:12,12
4054:15
4055:0,9,15,15,15
4056:0,9,9
